# relative_time, cycles_done, cur_path, paths_total, pending_total, pending_favs, map_size, unique_crashes, unique_hangs, max_depth, execs_per_sec, total_execs, edges_found
60, 0, 0, 2, 2, 1, 6.25%, 0, 0, 2, 131.33, 8386, 4
65, 0, 0, 2, 2, 1, 6.25%, 0, 0, 2, 142.13, 9130, 4
71, 0, 0, 2, 2, 1, 6.25%, 0, 0, 2, 124.01, 9758, 4
76, 0, 0, 2, 2, 1, 6.25%, 0, 0, 2, 129.71, 10420, 4
81, 0, 0, 2, 2, 1, 6.25%, 0, 0, 2, 182.12, 11358, 4
86, 0, 0, 2, 2, 1, 6.25%, 0, 0, 2, 154.08, 12170, 4
91, 0, 0, 2, 2, 1, 6.25%, 0, 0, 2, 174.92, 13157, 4
96, 0, 0, 2, 2, 1, 6.25%, 0, 0, 2, 227.62, 14418, 4
101, 0, 0, 2, 2, 1, 6.25%, 0, 0, 2, 556.65, 17100, 4
106, 0, 0, 2, 2, 1, 6.25%, 0, 0, 2, 660.17, 20393, 4
111, 0, 0, 2, 2, 1, 6.25%, 0, 0, 2, 719.87, 24166, 4
117, 0, 0, 2, 2, 1, 6.25%, 0, 0, 2, 683.04, 27725, 4
122, 0, 0, 2, 2, 1, 6.25%, 0, 0, 2, 740.08, 31488, 4
127, 0, 0, 2, 2, 1, 6.25%, 0, 0, 2, 266.90, 34505, 4
132, 0, 0, 3, 3, 1, 7.81%, 0, 0, 2, 549.78, 37706, 5
137, 0, 0, 12, 12, 1, 10.94%, 0, 0, 2, 721.07, 41549, 7
142, 0, 0, 12, 12, 1, 10.94%, 0, 0, 2, 756.73, 45466, 7
147, 0, 0, 12, 12, 1, 10.94%, 0, 0, 2, 786.43, 49517, 7
152, 0, 0, 12, 12, 1, 10.94%, 0, 0, 2, 742.65, 53122, 7
157, 0, 0, 12, 12, 1, 10.94%, 0, 0, 2, 737.37, 56860, 7
162, 0, 0, 12, 12, 1, 10.94%, 0, 0, 2, 753.37, 60709, 7
167, 0, 0, 12, 12, 1, 10.94%, 0, 0, 2, 717.70, 64266, 7
172, 0, 0, 12, 12, 1, 10.94%, 0, 0, 2, 758.03, 68088, 7
177, 0, 0, 13, 13, 1, 10.94%, 2, 0, 2, 845.72, 72480, 7
182, 0, 3, 14, 12, 2, 10.94%, 4, 0, 2, 835.63, 76677, 7
187, 0, 3, 14, 12, 2, 10.94%, 4, 0, 2, 820.55, 80814, 7
192, 0, 3, 14, 12, 2, 10.94%, 4, 0, 2, 810.25, 84789, 7
198, 0, 3, 14, 12, 2, 10.94%, 4, 0, 2, 839.55, 89073, 7
203, 0, 3, 14, 12, 2, 10.94%, 4, 0, 2, 804.46, 93233, 7
208, 0, 3, 14, 12, 2, 10.94%, 4, 0, 2, 735.92, 96805, 7
213, 0, 3, 14, 12, 2, 10.94%, 4, 0, 2, 708.71, 100333, 7
218, 0, 3, 14, 12, 2, 10.94%, 4, 0, 2, 728.95, 104015, 7
223, 0, 3, 14, 12, 2, 10.94%, 4, 0, 2, 736.77, 107879, 7
228, 0, 3, 14, 12, 2, 10.94%, 4, 0, 2, 789.62, 111838, 7
233, 0, 3, 15, 13, 2, 10.94%, 4, 0, 3, 805.68, 115845, 7
238, 0, 3, 15, 13, 2, 10.94%, 4, 0, 3, 783.68, 119860, 7
243, 0, 3, 15, 13, 2, 10.94%, 4, 0, 3, 810.40, 123893, 7
248, 0, 3, 15, 13, 2, 10.94%, 4, 0, 3, 825.70, 128048, 7
253, 0, 3, 15, 13, 2, 10.94%, 4, 0, 3, 717.02, 131520, 7
258, 0, 3, 15, 13, 2, 10.94%, 4, 0, 3, 746.03, 135258, 7
263, 0, 3, 15, 13, 2, 10.94%, 4, 0, 3, 690.76, 138685, 7
268, 0, 3, 15, 13, 2, 10.94%, 4, 0, 3, 679.29, 142143, 7
273, 0, 3, 15, 13, 2, 10.94%, 4, 0, 3, 741.25, 146116, 7
279, 0, 13, 16, 13, 2, 10.94%, 4, 0, 3, 763.68, 150053, 7
284, 0, 13, 16, 13, 2, 10.94%, 4, 0, 3, 720.69, 153661, 7
289, 0, 13, 16, 13, 2, 10.94%, 4, 0, 3, 762.42, 157439, 7
294, 0, 13, 16, 13, 2, 10.94%, 4, 0, 3, 812.79, 161732, 7
299, 0, 13, 16, 13, 2, 10.94%, 4, 0, 3, 871.37, 166190, 7
304, 0, 13, 16, 13, 2, 10.94%, 4, 0, 3, 868.38, 170559, 7
309, 0, 13, 16, 13, 2, 10.94%, 4, 0, 3, 843.32, 174820, 7
314, 0, 13, 16, 13, 2, 10.94%, 4, 0, 3, 832.34, 178964, 7
319, 0, 13, 16, 13, 2, 10.94%, 4, 0, 3, 795.30, 182818, 7
324, 0, 13, 16, 13, 2, 10.94%, 4, 0, 3, 691.06, 186522, 7
329, 0, 13, 16, 13, 2, 10.94%, 4, 0, 3, 554.29, 189033, 7
334, 0, 13, 16, 13, 2, 10.94%, 4, 0, 3, 327.54, 190478, 7
339, 0, 13, 16, 13, 2, 10.94%, 4, 0, 3, 259.83, 191696, 7
344, 0, 13, 16, 13, 2, 10.94%, 4, 0, 3, 227.84, 192894, 7
349, 0, 13, 16, 13, 2, 10.94%, 4, 0, 3, 244.46, 194166, 7
354, 0, 13, 16, 13, 2, 10.94%, 4, 0, 3, 229.72, 195366, 7
359, 0, 13, 16, 13, 2, 10.94%, 4, 0, 3, 273.14, 196791, 7
365, 0, 13, 16, 13, 2, 10.94%, 4, 0, 3, 255.73, 198101, 7
370, 0, 13, 16, 13, 2, 10.94%, 4, 0, 3, 255.96, 199401, 7
375, 0, 13, 16, 13, 2, 10.94%, 4, 0, 3, 275.14, 200771, 7
380, 0, 13, 16, 13, 2, 10.94%, 4, 0, 3, 471.76, 203010, 7
385, 0, 13, 16, 13, 2, 10.94%, 4, 0, 3, 603.43, 206304, 7
390, 0, 13, 16, 13, 2, 10.94%, 4, 0, 3, 629.31, 209472, 7
395, 0, 13, 16, 13, 2, 10.94%, 4, 0, 3, 548.91, 212299, 7
400, 0, 13, 16, 13, 2, 10.94%, 4, 0, 3, 514.21, 214992, 7
405, 0, 13, 16, 13, 2, 10.94%, 4, 0, 3, 513.90, 217522, 7
410, 0, 13, 16, 13, 2, 10.94%, 4, 0, 3, 496.60, 219930, 7
415, 0, 13, 16, 13, 2, 10.94%, 4, 0, 3, 542.83, 222559, 7
420, 0, 14, 16, 12, 1, 10.94%, 4, 0, 3, 420.75, 224532, 7
425, 0, 14, 16, 12, 1, 10.94%, 4, 0, 3, 595.75, 227760, 7
431, 0, 14, 16, 12, 1, 10.94%, 4, 0, 3, 676.26, 231387, 7
436, 0, 14, 16, 12, 1, 10.94%, 4, 0, 3, 723.49, 235161, 7
441, 0, 14, 16, 12, 1, 10.94%, 4, 0, 3, 694.83, 238636, 7
446, 0, 14, 16, 12, 1, 10.94%, 4, 0, 3, 702.89, 242346, 7
451, 0, 14, 16, 12, 1, 10.94%, 4, 0, 3, 731.78, 246196, 7
456, 0, 14, 16, 12, 1, 10.94%, 4, 0, 3, 751.52, 250081, 7
461, 0, 14, 16, 12, 1, 10.94%, 4, 0, 3, 640.57, 253200, 7
466, 0, 14, 16, 12, 1, 10.94%, 4, 0, 3, 710.22, 256853, 7
472, 0, 14, 16, 12, 1, 10.94%, 4, 0, 3, 711.36, 260476, 7
477, 0, 14, 16, 12, 1, 10.94%, 4, 0, 3, 509.09, 262956, 7
482, 0, 14, 16, 12, 1, 10.94%, 4, 0, 3, 324.98, 264557, 7
487, 0, 14, 16, 12, 1, 10.94%, 4, 0, 3, 167.95, 265586, 7
492, 0, 14, 16, 12, 1, 10.94%, 4, 0, 3, 213.92, 266729, 7
497, 0, 14, 16, 12, 1, 10.94%, 4, 0, 3, 215.83, 267825, 7
502, 0, 14, 16, 12, 1, 10.94%, 4, 0, 3, 213.51, 268997, 7
507, 0, 14, 16, 12, 1, 10.94%, 4, 0, 3, 229.67, 270105, 7
513, 0, 14, 16, 12, 1, 10.94%, 4, 0, 3, 255.54, 271445, 7
518, 0, 14, 16, 12, 1, 10.94%, 4, 0, 3, 256.25, 272780, 7
523, 0, 14, 16, 12, 1, 10.94%, 4, 0, 3, 247.91, 274017, 7
528, 0, 14, 16, 12, 1, 10.94%, 4, 0, 3, 261.81, 275355, 7
533, 0, 14, 17, 13, 1, 10.94%, 4, 0, 4, 386.21, 277270, 7
538, 0, 14, 17, 13, 1, 10.94%, 4, 0, 4, 506.02, 280062, 7
543, 0, 14, 17, 13, 1, 10.94%, 4, 0, 4, 529.29, 282742, 7
548, 0, 14, 17, 13, 1, 10.94%, 4, 0, 4, 523.29, 285462, 7
553, 0, 14, 17, 13, 1, 10.94%, 4, 0, 4, 450.51, 287721, 7
558, 0, 14, 17, 13, 1, 10.94%, 4, 0, 4, 460.55, 290034, 7
563, 0, 14, 17, 13, 1, 10.94%, 4, 0, 4, 519.19, 291692, 7
568, 0, 14, 17, 13, 1, 10.94%, 4, 0, 4, 427.93, 293920, 7
574, 0, 14, 17, 13, 1, 10.94%, 4, 0, 4, 490.50, 296425, 7
579, 0, 14, 17, 13, 1, 10.94%, 4, 0, 4, 358.72, 298196, 7
584, 1, 4, 17, 12, 0, 10.94%, 5, 0, 4, 491.94, 300543, 7
589, 1, 4, 17, 12, 0, 10.94%, 5, 0, 4, 633.95, 303957, 7
594, 1, 4, 17, 12, 0, 10.94%, 5, 0, 4, 638.42, 307256, 7
599, 1, 4, 17, 12, 0, 10.94%, 5, 0, 4, 694.22, 310866, 7
604, 1, 4, 17, 12, 0, 10.94%, 5, 0, 4, 706.78, 314334, 7
609, 1, 4, 17, 12, 0, 10.94%, 5, 0, 4, 746.12, 318044, 7
614, 1, 4, 17, 12, 0, 10.94%, 5, 0, 4, 845.77, 322420, 7
620, 1, 4, 17, 12, 0, 10.94%, 5, 0, 4, 817.97, 326628, 7
625, 1, 4, 17, 12, 0, 10.94%, 5, 0, 4, 843.68, 330884, 7
630, 1, 4, 17, 12, 0, 10.94%, 5, 0, 4, 830.62, 334980, 7
635, 1, 4, 17, 12, 0, 10.94%, 5, 0, 4, 724.90, 338744, 7
640, 1, 4, 17, 12, 0, 10.94%, 5, 0, 4, 783.90, 342713, 7
645, 1, 4, 17, 12, 0, 10.94%, 5, 0, 4, 789.65, 346868, 7
650, 1, 4, 17, 12, 0, 10.94%, 5, 0, 4, 826.99, 351033, 7
655, 1, 4, 17, 12, 0, 10.94%, 5, 0, 4, 781.85, 354810, 7
660, 1, 4, 17, 12, 0, 10.94%, 5, 0, 4, 745.70, 358710, 7
665, 1, 4, 17, 12, 0, 10.94%, 5, 0, 4, 738.20, 362473, 7
667, 1, 5, 17, 12, 0, 10.94%, 5, 0, 4, 742.88, 363557, 7
