# relative_time, cycles_done, cur_path, paths_total, pending_total, pending_favs, map_size, unique_crashes, unique_hangs, max_depth, execs_per_sec, total_execs, edges_found
61, 0, 0, 2, 2, 1, 6.25%, 0, 0, 2, 129.22, 8268, 4
66, 0, 0, 2, 2, 1, 6.25%, 0, 0, 2, 146.18, 9024, 4
71, 0, 0, 2, 2, 1, 6.25%, 0, 0, 2, 129.42, 9692, 4
76, 0, 0, 2, 2, 1, 6.25%, 0, 0, 2, 184.61, 10677, 4
81, 0, 0, 2, 2, 1, 6.25%, 0, 0, 2, 207.55, 11640, 4
86, 0, 0, 2, 2, 1, 6.25%, 0, 0, 2, 232.76, 12920, 4
91, 0, 0, 2, 2, 1, 6.25%, 0, 0, 2, 169.75, 13739, 4
96, 0, 0, 2, 2, 1, 6.25%, 0, 0, 2, 475.11, 16426, 4
101, 0, 0, 2, 2, 1, 6.25%, 0, 0, 2, 480.80, 19031, 4
107, 0, 0, 2, 2, 1, 6.25%, 0, 0, 2, 598.36, 22171, 4
112, 0, 0, 2, 2, 1, 6.25%, 0, 0, 2, 793.66, 26555, 4
117, 0, 0, 2, 2, 1, 6.25%, 0, 0, 2, 229.53, 30068, 4
122, 0, 0, 2, 2, 1, 6.25%, 0, 0, 2, 626.01, 33482, 4
127, 0, 0, 2, 2, 1, 6.25%, 0, 0, 2, 586.42, 36672, 4
132, 0, 0, 12, 12, 1, 10.94%, 0, 0, 2, 704.27, 40422, 7
137, 0, 0, 12, 12, 1, 10.94%, 0, 0, 2, 761.12, 44296, 7
142, 0, 0, 12, 12, 1, 10.94%, 0, 0, 2, 782.00, 48196, 7
147, 0, 0, 12, 12, 1, 10.94%, 0, 0, 2, 765.88, 52173, 7
152, 0, 0, 12, 12, 1, 10.94%, 0, 0, 2, 617.05, 55245, 7
157, 0, 0, 12, 12, 1, 10.94%, 0, 0, 2, 698.62, 58843, 7
163, 0, 0, 12, 12, 1, 10.94%, 0, 0, 2, 727.71, 62585, 7
168, 0, 0, 12, 12, 1, 10.94%, 0, 0, 2, 684.93, 66058, 7
173, 0, 0, 12, 12, 1, 10.94%, 0, 0, 2, 745.72, 69865, 7
178, 0, 0, 13, 13, 1, 10.94%, 3, 0, 2, 797.93, 73964, 7
183, 0, 3, 14, 12, 2, 10.94%, 3, 0, 2, 849.73, 76749, 7
188, 0, 3, 14, 12, 2, 10.94%, 3, 0, 2, 826.19, 80898, 7
193, 0, 3, 14, 12, 2, 10.94%, 3, 0, 2, 839.60, 85049, 7
198, 0, 3, 14, 12, 2, 10.94%, 3, 0, 2, 848.40, 89317, 7
203, 0, 3, 14, 12, 2, 10.94%, 3, 0, 2, 795.06, 93421, 7
208, 0, 3, 14, 12, 2, 10.94%, 3, 0, 2, 721.95, 96910, 7
213, 0, 3, 14, 12, 2, 10.94%, 3, 0, 2, 731.76, 100564, 7
218, 0, 3, 14, 12, 2, 10.94%, 3, 0, 2, 735.69, 104267, 7
223, 0, 3, 14, 12, 2, 10.94%, 3, 0, 2, 749.33, 108152, 7
228, 0, 3, 14, 12, 2, 10.94%, 3, 0, 2, 735.44, 111887, 7
233, 0, 3, 15, 13, 2, 10.94%, 3, 0, 3, 741.81, 115510, 7
239, 0, 3, 15, 13, 2, 10.94%, 3, 0, 3, 783.56, 119608, 7
244, 0, 3, 15, 13, 2, 10.94%, 3, 0, 3, 796.58, 123733, 7
249, 0, 3, 15, 13, 2, 10.94%, 3, 0, 3, 781.44, 127734, 7
254, 0, 3, 15, 13, 2, 10.94%, 3, 0, 3, 713.23, 131359, 7
259, 0, 3, 15, 13, 2, 10.94%, 3, 0, 3, 678.44, 134906, 7
264, 0, 3, 15, 13, 2, 10.94%, 3, 0, 3, 605.87, 137985, 7
269, 0, 3, 15, 13, 2, 10.94%, 3, 0, 3, 714.63, 141719, 7
274, 0, 3, 15, 13, 2, 10.94%, 3, 0, 3, 763.70, 145494, 7
279, 0, 3, 15, 13, 2, 10.94%, 4, 0, 3, 768.11, 149477, 7
285, 0, 13, 16, 13, 1, 10.94%, 4, 0, 3, 684.15, 152807, 7
290, 0, 13, 16, 13, 1, 10.94%, 4, 0, 3, 788.44, 156841, 7
295, 0, 13, 16, 13, 1, 10.94%, 4, 0, 3, 848.03, 161173, 7
300, 0, 13, 16, 13, 1, 10.94%, 4, 0, 3, 831.21, 165409, 7
305, 0, 13, 16, 13, 1, 10.94%, 4, 0, 3, 816.96, 169569, 7
310, 0, 13, 16, 13, 1, 10.94%, 4, 0, 3, 763.41, 173312, 7
315, 0, 13, 16, 13, 1, 10.94%, 4, 0, 3, 665.31, 176575, 7
320, 0, 13, 16, 13, 1, 10.94%, 4, 0, 3, 676.95, 179864, 7
325, 0, 13, 16, 13, 1, 10.94%, 4, 0, 3, 829.74, 184337, 7
330, 0, 13, 16, 13, 1, 10.94%, 4, 0, 3, 776.62, 188422, 7
335, 0, 13, 16, 13, 1, 10.94%, 4, 0, 3, 532.17, 190714, 7
340, 0, 13, 16, 13, 1, 10.94%, 4, 0, 3, 318.90, 192056, 7
345, 0, 13, 16, 13, 1, 10.94%, 4, 0, 3, 238.90, 193182, 7
351, 0, 13, 16, 13, 1, 10.94%, 4, 0, 3, 244.64, 194378, 7
356, 0, 13, 16, 13, 1, 10.94%, 4, 0, 3, 249.69, 195622, 7
361, 0, 13, 16, 13, 1, 10.94%, 4, 0, 3, 253.54, 196954, 7
366, 0, 13, 16, 13, 1, 10.94%, 4, 0, 3, 240.11, 198218, 7
371, 0, 13, 16, 13, 1, 10.94%, 4, 0, 3, 257.10, 199514, 7
376, 0, 13, 16, 13, 1, 10.94%, 4, 0, 3, 263.52, 200809, 7
381, 0, 13, 16, 13, 1, 10.94%, 4, 0, 3, 267.37, 202179, 7
386, 0, 13, 16, 13, 1, 10.94%, 4, 0, 3, 499.33, 204651, 7
391, 0, 13, 16, 13, 1, 10.94%, 4, 0, 3, 626.81, 207888, 7
396, 0, 13, 16, 13, 1, 10.94%, 4, 0, 3, 635.17, 211140, 7
401, 0, 13, 16, 13, 1, 10.94%, 4, 0, 3, 669.05, 214131, 7
406, 0, 13, 16, 13, 1, 10.94%, 4, 0, 3, 574.40, 217017, 7
412, 0, 13, 16, 13, 1, 10.94%, 4, 0, 3, 516.51, 219420, 7
417, 0, 13, 16, 13, 1, 10.94%, 4, 0, 3, 511.29, 222020, 7
422, 0, 13, 16, 13, 1, 10.94%, 4, 0, 3, 512.28, 224951, 7
427, 0, 13, 16, 13, 1, 10.94%, 4, 0, 3, 328.31, 226431, 7
432, 1, 0, 16, 12, 0, 10.94%, 4, 0, 3, 416.49, 228826, 7
437, 1, 5, 16, 11, 0, 10.94%, 4, 0, 3, 461.78, 231100, 7
443, 1, 5, 16, 11, 0, 10.94%, 4, 0, 3, 623.93, 234480, 7
448, 1, 5, 16, 11, 0, 10.94%, 4, 0, 3, 724.29, 238353, 7
453, 1, 5, 16, 11, 0, 10.94%, 4, 0, 3, 774.07, 242305, 7
458, 1, 5, 16, 11, 0, 10.94%, 4, 0, 3, 750.99, 246133, 7
463, 1, 5, 16, 11, 0, 10.94%, 4, 0, 3, 679.22, 249422, 7
468, 1, 5, 16, 11, 0, 10.94%, 4, 0, 3, 672.37, 253075, 7
473, 1, 5, 16, 11, 0, 10.94%, 4, 0, 3, 642.65, 256051, 7
478, 1, 5, 16, 11, 0, 10.94%, 4, 0, 3, 735.19, 259815, 7
483, 1, 5, 16, 11, 0, 10.94%, 4, 0, 3, 691.01, 263176, 7
489, 1, 5, 16, 11, 0, 10.94%, 4, 0, 3, 710.26, 266871, 7
494, 1, 5, 16, 11, 0, 10.94%, 4, 0, 3, 698.76, 270353, 7
499, 1, 5, 16, 11, 0, 10.94%, 4, 0, 3, 723.43, 273944, 7
504, 1, 5, 16, 11, 0, 10.94%, 4, 0, 3, 689.55, 277516, 7
509, 1, 5, 16, 11, 0, 10.94%, 4, 0, 3, 766.98, 281480, 7
514, 1, 5, 16, 11, 0, 10.94%, 4, 0, 3, 798.11, 285418, 7
519, 1, 5, 16, 11, 0, 10.94%, 4, 0, 3, 793.37, 289410, 7
524, 1, 5, 16, 11, 0, 10.94%, 4, 0, 3, 785.32, 293325, 7
529, 1, 5, 16, 11, 0, 10.94%, 4, 0, 3, 736.45, 296988, 7
534, 1, 5, 16, 11, 0, 10.94%, 4, 0, 3, 773.47, 300930, 7
539, 1, 5, 16, 11, 0, 10.94%, 4, 0, 3, 749.46, 304732, 7
544, 1, 8, 17, 11, 0, 10.94%, 4, 0, 3, 756.86, 308323, 7
550, 1, 8, 17, 11, 0, 10.94%, 4, 0, 3, 809.81, 312432, 7
555, 1, 8, 17, 11, 0, 10.94%, 4, 0, 3, 833.18, 316622, 7
560, 1, 8, 17, 11, 0, 10.94%, 4, 0, 3, 812.24, 320620, 7
565, 1, 8, 17, 11, 0, 10.94%, 4, 0, 3, 786.72, 324457, 7
570, 1, 8, 17, 11, 0, 10.94%, 4, 0, 3, 760.92, 328207, 7
575, 1, 8, 17, 11, 0, 10.94%, 4, 0, 3, 612.98, 331120, 7
580, 1, 8, 17, 11, 0, 10.94%, 4, 0, 3, 594.74, 334317, 7
585, 1, 8, 17, 11, 0, 10.94%, 4, 0, 3, 720.73, 337190, 7
590, 1, 8, 17, 11, 0, 10.94%, 4, 0, 3, 637.76, 340228, 7
595, 1, 8, 17, 11, 0, 10.94%, 4, 0, 3, 637.12, 343397, 7
600, 1, 8, 17, 11, 0, 10.94%, 4, 0, 3, 633.45, 346682, 7
606, 1, 8, 17, 11, 0, 10.94%, 4, 0, 3, 611.10, 349742, 7
611, 1, 8, 17, 11, 0, 10.94%, 4, 0, 3, 744.69, 353586, 7
616, 1, 8, 17, 11, 0, 10.94%, 4, 0, 3, 848.43, 357948, 7
621, 1, 8, 17, 11, 0, 10.94%, 4, 0, 3, 763.62, 361742, 7
626, 1, 8, 17, 11, 0, 10.94%, 4, 0, 3, 866.15, 366220, 7
631, 1, 8, 17, 11, 0, 10.94%, 4, 0, 3, 812.08, 370460, 7
636, 1, 8, 17, 11, 0, 10.94%, 4, 0, 3, 757.99, 374178, 7
641, 1, 8, 17, 11, 0, 10.94%, 4, 0, 3, 817.01, 378533, 7
646, 1, 9, 17, 10, 0, 10.94%, 4, 0, 3, 730.18, 382118, 7
651, 1, 9, 17, 10, 0, 10.94%, 4, 0, 3, 779.52, 386294, 7
656, 1, 9, 17, 10, 0, 10.94%, 4, 0, 3, 793.03, 390181, 7
662, 1, 9, 17, 10, 0, 10.94%, 4, 0, 3, 798.93, 394260, 7
667, 1, 9, 17, 10, 0, 10.94%, 4, 0, 3, 721.30, 397853, 7
669, 1, 10, 17, 10, 0, 10.94%, 4, 0, 3, 925.97, 400283, 7
