# relative_time, cycles_done, cur_path, paths_total, pending_total, pending_favs, map_size, unique_crashes, unique_hangs, max_depth, execs_per_sec, total_execs, edges_found
60, 0, 0, 2, 2, 1, 6.25%, 0, 0, 2, 146.77, 8085, 4
65, 0, 0, 2, 2, 1, 6.25%, 0, 0, 2, 140.03, 8803, 4
70, 0, 0, 2, 2, 1, 6.25%, 0, 0, 2, 135.67, 9503, 4
75, 0, 0, 2, 2, 1, 6.25%, 0, 0, 2, 182.64, 10397, 4
80, 0, 0, 2, 2, 1, 6.25%, 0, 0, 2, 269.24, 11631, 4
86, 0, 0, 2, 2, 1, 6.25%, 0, 0, 2, 354.74, 13490, 4
91, 0, 0, 2, 2, 1, 6.25%, 0, 0, 2, 439.54, 15539, 4
96, 0, 0, 2, 2, 1, 6.25%, 0, 0, 2, 409.83, 17747, 4
101, 0, 0, 2, 2, 1, 6.25%, 0, 0, 2, 280.47, 19220, 4
106, 0, 0, 2, 2, 1, 6.25%, 0, 0, 2, 468.55, 21299, 4
111, 0, 0, 2, 2, 1, 6.25%, 0, 0, 2, 232.43, 22222, 4
116, 0, 0, 2, 2, 1, 6.25%, 0, 0, 2, 430.60, 24026, 4
121, 0, 0, 2, 2, 1, 6.25%, 0, 0, 2, 729.93, 28170, 4
126, 0, 0, 2, 2, 1, 6.25%, 0, 0, 2, 751.79, 32060, 4
131, 0, 0, 2, 2, 1, 6.25%, 0, 0, 2, 734.69, 35800, 4
136, 0, 0, 8, 8, 1, 10.94%, 0, 0, 2, 682.35, 39428, 7
141, 0, 0, 12, 12, 1, 10.94%, 0, 0, 2, 752.49, 43299, 7
147, 0, 0, 12, 12, 1, 10.94%, 0, 0, 2, 699.16, 46967, 7
152, 0, 0, 12, 12, 1, 10.94%, 0, 0, 2, 699.66, 50458, 7
157, 0, 0, 12, 12, 1, 10.94%, 0, 0, 2, 733.13, 54297, 7
162, 0, 0, 12, 12, 1, 10.94%, 0, 0, 2, 742.38, 58175, 7
167, 0, 0, 12, 12, 1, 10.94%, 0, 0, 2, 687.26, 61560, 7
172, 0, 0, 12, 12, 1, 10.94%, 0, 0, 2, 711.38, 65133, 7
177, 0, 0, 12, 12, 1, 10.94%, 0, 0, 2, 838.28, 69645, 7
182, 0, 0, 13, 13, 1, 10.94%, 2, 0, 2, 128.37, 72489, 7
187, 0, 2, 14, 13, 3, 10.94%, 2, 0, 2, 645.84, 76252, 7
192, 0, 2, 14, 13, 3, 10.94%, 2, 0, 2, 721.55, 80024, 7
197, 0, 2, 14, 13, 3, 10.94%, 2, 0, 2, 826.51, 84236, 7
202, 0, 2, 14, 13, 3, 10.94%, 2, 0, 2, 778.90, 88307, 7
208, 0, 2, 14, 13, 3, 10.94%, 2, 0, 2, 705.74, 91783, 7
213, 0, 2, 14, 13, 3, 10.94%, 2, 0, 2, 661.11, 94982, 7
218, 0, 2, 14, 13, 3, 10.94%, 2, 0, 2, 661.49, 98440, 7
223, 0, 2, 14, 13, 3, 10.94%, 2, 0, 2, 766.19, 102497, 7
228, 0, 2, 14, 13, 3, 10.94%, 2, 0, 2, 786.71, 106487, 7
233, 0, 2, 14, 13, 3, 10.94%, 2, 0, 2, 776.32, 110524, 7
238, 0, 2, 14, 13, 3, 10.94%, 2, 0, 2, 783.37, 114434, 7
243, 0, 2, 14, 13, 3, 10.94%, 2, 0, 2, 736.11, 118118, 7
248, 0, 2, 14, 13, 3, 10.94%, 2, 0, 2, 761.23, 121934, 7
253, 0, 2, 14, 13, 3, 10.94%, 2, 0, 2, 713.91, 125579, 7
258, 0, 2, 14, 13, 3, 10.94%, 2, 0, 2, 712.39, 129191, 7
263, 0, 2, 14, 13, 3, 10.94%, 2, 0, 2, 674.16, 132639, 7
268, 0, 2, 14, 13, 3, 10.94%, 2, 0, 2, 702.33, 136150, 7
274, 0, 2, 14, 13, 3, 10.94%, 2, 0, 2, 813.68, 139800, 7
279, 0, 2, 14, 13, 3, 10.94%, 2, 0, 2, 840.33, 144056, 7
284, 0, 11, 16, 14, 2, 10.94%, 2, 0, 2, 805.31, 148119, 7
289, 0, 11, 16, 14, 2, 10.94%, 2, 0, 2, 775.32, 152022, 7
294, 0, 11, 16, 14, 2, 10.94%, 2, 0, 2, 751.31, 155969, 7
299, 0, 11, 16, 14, 2, 10.94%, 2, 0, 2, 829.82, 160386, 7
304, 0, 11, 16, 14, 2, 10.94%, 2, 0, 2, 838.98, 164562, 7
309, 0, 11, 16, 14, 2, 10.94%, 2, 0, 2, 820.35, 168786, 7
314, 0, 11, 16, 14, 2, 10.94%, 2, 0, 2, 799.87, 172813, 7
319, 0, 11, 16, 14, 2, 10.94%, 2, 0, 2, 705.19, 176124, 7
324, 0, 11, 16, 14, 2, 10.94%, 2, 0, 2, 815.65, 180274, 7
330, 0, 11, 16, 14, 2, 10.94%, 2, 0, 2, 839.86, 184615, 7
335, 0, 11, 16, 14, 2, 10.94%, 2, 0, 2, 728.51, 188292, 7
340, 0, 11, 16, 14, 2, 10.94%, 2, 0, 2, 828.15, 192552, 7
345, 0, 11, 16, 14, 2, 10.94%, 2, 0, 2, 779.71, 196648, 7
350, 0, 11, 16, 14, 2, 10.94%, 2, 0, 2, 784.45, 200601, 7
355, 0, 11, 16, 14, 2, 10.94%, 2, 0, 2, 808.39, 204752, 7
360, 0, 11, 16, 14, 2, 10.94%, 2, 0, 2, 858.76, 209308, 7
365, 0, 11, 16, 14, 2, 10.94%, 2, 0, 2, 863.73, 213711, 7
370, 0, 11, 16, 14, 2, 10.94%, 3, 0, 2, 806.54, 217734, 7
375, 0, 13, 16, 13, 2, 10.94%, 3, 0, 2, 801.21, 221710, 7
380, 0, 13, 16, 13, 2, 10.94%, 3, 0, 2, 803.32, 225641, 7
385, 0, 13, 16, 13, 2, 10.94%, 3, 0, 2, 831.85, 230037, 7
391, 0, 13, 16, 13, 2, 10.94%, 3, 0, 2, 808.78, 234229, 7
396, 0, 13, 16, 13, 2, 10.94%, 3, 0, 2, 775.29, 238151, 7
401, 0, 13, 16, 13, 2, 10.94%, 3, 0, 2, 753.52, 242051, 7
406, 0, 13, 16, 13, 2, 10.94%, 3, 0, 2, 780.44, 246011, 7
411, 0, 13, 16, 13, 2, 10.94%, 3, 0, 2, 705.57, 249465, 7
416, 0, 13, 16, 13, 2, 10.94%, 3, 0, 2, 748.61, 253231, 7
421, 0, 13, 16, 13, 2, 10.94%, 4, 0, 2, 574.10, 256287, 7
426, 0, 13, 16, 13, 2, 10.94%, 4, 0, 2, 361.61, 257963, 7
431, 0, 13, 16, 13, 2, 10.94%, 4, 0, 2, 243.58, 259006, 7
436, 0, 13, 16, 13, 2, 10.94%, 4, 0, 2, 211.39, 260050, 7
442, 0, 13, 16, 13, 2, 10.94%, 4, 0, 2, 194.55, 261003, 7
447, 0, 13, 16, 13, 2, 10.94%, 4, 0, 2, 255.98, 262409, 7
452, 0, 13, 16, 13, 2, 10.94%, 4, 0, 2, 244.25, 263623, 7
457, 0, 13, 16, 13, 2, 10.94%, 4, 0, 2, 235.52, 264752, 7
462, 0, 13, 16, 13, 2, 10.94%, 4, 0, 2, 224.72, 265944, 7
467, 0, 13, 16, 13, 2, 10.94%, 4, 0, 2, 228.25, 267224, 7
472, 0, 13, 16, 13, 2, 10.94%, 4, 0, 2, 203.88, 268232, 7
477, 0, 13, 16, 13, 2, 10.94%, 4, 0, 2, 206.26, 269268, 7
483, 0, 13, 16, 13, 2, 10.94%, 4, 0, 2, 440.38, 271554, 7
488, 0, 13, 16, 13, 2, 10.94%, 4, 0, 2, 468.52, 273977, 7
493, 0, 13, 16, 13, 2, 10.94%, 4, 0, 2, 524.18, 276566, 7
498, 0, 13, 16, 13, 2, 10.94%, 4, 0, 2, 487.47, 278981, 7
503, 0, 13, 16, 13, 2, 10.94%, 4, 0, 2, 485.60, 281438, 7
508, 0, 13, 16, 13, 2, 10.94%, 4, 0, 2, 469.17, 283832, 7
513, 0, 13, 16, 13, 2, 10.94%, 4, 0, 2, 478.44, 286316, 7
518, 0, 13, 16, 13, 2, 10.94%, 4, 0, 2, 466.72, 288710, 7
523, 0, 13, 16, 13, 2, 10.94%, 4, 0, 2, 416.96, 290760, 7
528, 0, 14, 17, 13, 1, 10.94%, 4, 0, 2, 510.17, 293165, 7
533, 0, 14, 17, 13, 1, 10.94%, 4, 0, 2, 767.38, 297418, 7
538, 0, 14, 17, 13, 1, 10.94%, 4, 0, 2, 765.83, 301395, 7
543, 0, 14, 17, 13, 1, 10.94%, 4, 0, 2, 816.02, 305524, 7
549, 0, 14, 17, 13, 1, 10.94%, 4, 0, 2, 776.06, 309434, 7
554, 0, 14, 17, 13, 1, 10.94%, 4, 0, 2, 65.42, 312910, 7
559, 0, 14, 17, 13, 1, 10.94%, 4, 0, 2, 687.88, 316494, 7
564, 0, 14, 17, 13, 1, 10.94%, 4, 0, 2, 668.75, 319766, 7
569, 0, 14, 17, 13, 1, 10.94%, 4, 0, 2, 571.86, 322658, 7
574, 0, 14, 17, 13, 1, 10.94%, 4, 0, 2, 63.58, 325144, 7
579, 0, 14, 17, 13, 1, 10.94%, 4, 0, 2, 641.03, 328196, 7
584, 0, 14, 17, 13, 1, 10.94%, 4, 0, 2, 452.14, 330464, 7
589, 0, 14, 17, 13, 1, 10.94%, 4, 0, 2, 338.67, 332019, 7
594, 0, 14, 17, 13, 1, 10.94%, 4, 0, 2, 228.42, 332979, 7
599, 0, 14, 17, 13, 1, 10.94%, 4, 0, 2, 210.12, 334019, 7
605, 0, 14, 17, 13, 1, 10.94%, 4, 0, 2, 218.06, 335095, 7
610, 0, 14, 17, 13, 1, 10.94%, 4, 0, 2, 253.87, 336438, 7
615, 0, 14, 17, 13, 1, 10.94%, 4, 0, 2, 321.84, 338199, 7
620, 0, 14, 17, 13, 1, 10.94%, 4, 0, 2, 283.43, 339653, 7
625, 0, 14, 17, 13, 1, 10.94%, 4, 0, 2, 270.51, 341038, 7
630, 0, 14, 17, 13, 1, 10.94%, 4, 0, 2, 275.68, 342408, 7
635, 0, 14, 17, 13, 1, 10.94%, 4, 0, 2, 272.18, 343789, 7
640, 0, 14, 17, 13, 1, 10.94%, 4, 0, 2, 421.93, 346163, 7
645, 0, 14, 17, 13, 1, 10.94%, 4, 0, 2, 482.68, 348636, 7
650, 0, 14, 17, 13, 1, 10.94%, 4, 0, 2, 525.03, 351551, 7
656, 0, 14, 17, 13, 1, 10.94%, 4, 0, 2, 447.81, 353747, 7
661, 0, 14, 17, 13, 1, 10.94%, 4, 0, 2, 509.25, 356421, 7
666, 0, 14, 17, 13, 1, 10.94%, 4, 0, 2, 454.64, 358734, 7
669, 0, 15, 17, 13, 1, 10.94%, 4, 0, 2, 633.06, 360986, 7
