# relative_time, cycles_done, cur_path, paths_total, pending_total, pending_favs, map_size, unique_crashes, unique_hangs, max_depth, execs_per_sec, total_execs, edges_found
60, 0, 0, 2, 2, 1, 6.25%, 0, 0, 2, 256.90, 14078, 4
66, 0, 0, 2, 2, 1, 6.25%, 0, 0, 2, 272.38, 15470, 4
71, 0, 0, 2, 2, 1, 6.25%, 0, 0, 2, 308.99, 16976, 4
76, 0, 0, 2, 2, 1, 6.25%, 0, 0, 2, 338.03, 18748, 4
81, 0, 0, 2, 2, 1, 6.25%, 0, 0, 2, 337.62, 20582, 4
86, 0, 0, 2, 2, 1, 6.25%, 0, 0, 2, 397.61, 22696, 4
91, 0, 0, 2, 2, 1, 6.25%, 0, 0, 2, 472.87, 24845, 4
96, 0, 0, 2, 2, 1, 6.25%, 0, 0, 2, 565.16, 27473, 4
102, 0, 0, 2, 2, 1, 6.25%, 0, 0, 2, 617.12, 30686, 4
107, 0, 0, 2, 2, 1, 6.25%, 0, 0, 2, 651.18, 33991, 4
112, 0, 0, 3, 3, 1, 7.81%, 0, 0, 2, 671.99, 37348, 5
117, 0, 0, 12, 12, 1, 10.94%, 0, 0, 2, 685.67, 40865, 7
122, 0, 0, 12, 12, 1, 10.94%, 0, 0, 2, 661.13, 44186, 7
127, 0, 0, 12, 12, 1, 10.94%, 0, 0, 2, 707.44, 47859, 7
132, 0, 0, 12, 12, 1, 10.94%, 0, 0, 2, 701.81, 51408, 7
137, 0, 0, 12, 12, 1, 10.94%, 0, 0, 2, 747.02, 55166, 7
142, 0, 0, 12, 12, 1, 10.94%, 0, 0, 2, 591.27, 58085, 7
147, 0, 0, 12, 12, 1, 10.94%, 0, 0, 2, 718.01, 61844, 7
152, 0, 0, 12, 12, 1, 10.94%, 0, 0, 2, 695.17, 65318, 7
157, 0, 0, 12, 12, 1, 10.94%, 0, 0, 2, 692.86, 68750, 7
162, 0, 0, 13, 13, 1, 10.94%, 2, 0, 2, 704.41, 72344, 7
167, 0, 1, 13, 12, 4, 10.94%, 3, 0, 2, 647.72, 75527, 7
172, 0, 1, 13, 12, 4, 10.94%, 3, 0, 2, 701.16, 79056, 7
178, 0, 1, 13, 12, 4, 10.94%, 3, 0, 2, 786.99, 83062, 7
183, 0, 1, 13, 12, 4, 10.94%, 3, 0, 2, 744.50, 86772, 7
188, 0, 1, 13, 12, 4, 10.94%, 3, 0, 2, 733.97, 90440, 7
193, 0, 1, 13, 12, 4, 10.94%, 3, 0, 2, 780.43, 94356, 7
198, 0, 1, 13, 12, 4, 10.94%, 3, 0, 2, 826.81, 98554, 7
203, 0, 1, 13, 12, 4, 10.94%, 3, 0, 2, 851.43, 102879, 7
208, 0, 1, 13, 12, 4, 10.94%, 3, 0, 2, 705.53, 106232, 7
213, 0, 1, 13, 12, 4, 10.94%, 3, 0, 2, 635.58, 109446, 7
218, 0, 1, 13, 12, 4, 10.94%, 3, 0, 2, 702.20, 112984, 7
223, 0, 1, 13, 12, 4, 10.94%, 3, 0, 2, 722.16, 116598, 7
228, 0, 1, 13, 12, 4, 10.94%, 3, 0, 2, 789.93, 120651, 7
233, 0, 1, 13, 12, 4, 10.94%, 3, 0, 2, 808.60, 124712, 7
238, 0, 1, 13, 12, 4, 10.94%, 3, 0, 2, 808.62, 128792, 7
243, 0, 1, 13, 12, 4, 10.94%, 3, 0, 2, 784.70, 132697, 7
248, 0, 1, 13, 12, 4, 10.94%, 3, 0, 2, 824.92, 136888, 7
253, 0, 1, 13, 12, 4, 10.94%, 3, 0, 2, 758.21, 140662, 7
258, 0, 1, 13, 12, 4, 10.94%, 3, 0, 2, 667.66, 144012, 7
263, 0, 13, 15, 12, 2, 10.94%, 3, 0, 3, 619.19, 147111, 7
269, 0, 13, 15, 12, 2, 10.94%, 3, 0, 3, 674.07, 150549, 7
274, 0, 13, 15, 12, 2, 10.94%, 3, 0, 3, 709.82, 153676, 7
279, 0, 13, 15, 12, 2, 10.94%, 3, 0, 3, 807.44, 157840, 7
284, 0, 13, 15, 12, 2, 10.94%, 3, 0, 3, 737.47, 161753, 7
289, 0, 13, 15, 12, 2, 10.94%, 3, 0, 3, 676.05, 165173, 7
294, 0, 13, 15, 12, 2, 10.94%, 3, 0, 3, 792.24, 169190, 7
299, 0, 13, 15, 12, 2, 10.94%, 3, 0, 3, 834.93, 173479, 7
304, 0, 13, 15, 12, 2, 10.94%, 3, 0, 3, 845.56, 177719, 7
309, 0, 13, 15, 12, 2, 10.94%, 3, 0, 3, 821.06, 181879, 7
314, 0, 13, 15, 12, 2, 10.94%, 4, 0, 3, 660.88, 185280, 7
319, 0, 13, 15, 12, 2, 10.94%, 4, 0, 3, 433.54, 187294, 7
324, 0, 13, 15, 12, 2, 10.94%, 4, 0, 3, 295.16, 188638, 7
329, 0, 13, 15, 12, 2, 10.94%, 4, 0, 3, 289.00, 190128, 7
334, 0, 13, 15, 12, 2, 10.94%, 4, 0, 3, 248.74, 191342, 7
340, 0, 13, 15, 12, 2, 10.94%, 4, 0, 3, 240.81, 192530, 7
345, 0, 13, 15, 12, 2, 10.94%, 4, 0, 3, 237.98, 193738, 7
350, 0, 13, 15, 12, 2, 10.94%, 4, 0, 3, 228.22, 194902, 7
355, 0, 13, 15, 12, 2, 10.94%, 4, 0, 3, 227.20, 196054, 7
360, 0, 13, 15, 12, 2, 10.94%, 4, 0, 3, 252.68, 197322, 7
365, 0, 13, 15, 12, 2, 10.94%, 4, 0, 3, 260.62, 198673, 7
370, 0, 13, 15, 12, 2, 10.94%, 4, 0, 3, 507.56, 201766, 7
375, 0, 13, 15, 12, 2, 10.94%, 4, 0, 3, 461.93, 204088, 7
380, 0, 13, 15, 12, 2, 10.94%, 4, 0, 3, 469.26, 206428, 7
385, 0, 13, 15, 12, 2, 10.94%, 4, 0, 3, 495.02, 208921, 7
390, 0, 13, 15, 12, 2, 10.94%, 4, 0, 3, 524.23, 211596, 7
395, 0, 13, 15, 12, 2, 10.94%, 4, 0, 3, 490.76, 214070, 7
401, 0, 13, 15, 12, 2, 10.94%, 4, 0, 3, 439.21, 216291, 7
406, 0, 13, 15, 12, 2, 10.94%, 4, 0, 3, 482.24, 218855, 7
411, 0, 14, 16, 12, 1, 10.94%, 4, 0, 3, 530.34, 221354, 7
416, 0, 14, 16, 12, 1, 10.94%, 4, 0, 3, 738.43, 225372, 7
421, 0, 14, 16, 12, 1, 10.94%, 4, 0, 3, 792.43, 229439, 7
426, 0, 14, 16, 12, 1, 10.94%, 4, 0, 3, 670.61, 232871, 7
431, 0, 14, 16, 12, 1, 10.94%, 4, 0, 3, 663.61, 236095, 7
436, 0, 14, 16, 12, 1, 10.94%, 4, 0, 3, 691.70, 239631, 7
441, 0, 14, 16, 12, 1, 10.94%, 4, 0, 3, 680.90, 243089, 7
447, 0, 14, 16, 12, 1, 10.94%, 4, 0, 3, 718.05, 246903, 7
452, 0, 14, 16, 12, 1, 10.94%, 4, 0, 3, 735.53, 250655, 7
457, 0, 14, 16, 12, 1, 10.94%, 4, 0, 3, 690.91, 254152, 7
462, 0, 14, 16, 12, 1, 10.94%, 4, 0, 3, 144.76, 257165, 7
467, 0, 14, 16, 12, 1, 10.94%, 4, 0, 3, 507.75, 259423, 7
472, 0, 14, 16, 12, 1, 10.94%, 4, 0, 3, 286.39, 260752, 7
477, 0, 14, 16, 12, 1, 10.94%, 4, 0, 3, 222.88, 261796, 7
482, 0, 14, 16, 12, 1, 10.94%, 4, 0, 3, 217.36, 262908, 7
487, 0, 14, 16, 12, 1, 10.94%, 4, 0, 3, 200.14, 263879, 7
492, 0, 14, 16, 12, 1, 10.94%, 4, 0, 3, 210.72, 264932, 7
498, 0, 14, 16, 12, 1, 10.94%, 4, 0, 3, 206.33, 266024, 7
503, 0, 14, 16, 12, 1, 10.94%, 4, 0, 3, 209.85, 267092, 7
508, 0, 14, 16, 12, 1, 10.94%, 4, 0, 3, 205.97, 268092, 7
513, 0, 14, 16, 12, 1, 10.94%, 4, 0, 3, 248.94, 269380, 7
518, 0, 14, 16, 12, 1, 10.94%, 4, 0, 3, 240.80, 270608, 7
523, 0, 14, 16, 12, 1, 10.94%, 4, 0, 3, 257.60, 271927, 7
528, 0, 14, 17, 13, 1, 10.94%, 4, 0, 3, 416.96, 274283, 7
533, 0, 14, 17, 13, 1, 10.94%, 4, 0, 3, 500.30, 276869, 7
538, 0, 14, 17, 13, 1, 10.94%, 4, 0, 3, 505.06, 279409, 7
543, 0, 14, 17, 13, 1, 10.94%, 4, 0, 3, 491.61, 281904, 7
548, 0, 14, 17, 13, 1, 10.94%, 4, 0, 3, 529.23, 284669, 7
553, 0, 14, 17, 13, 1, 10.94%, 4, 0, 3, 472.34, 287061, 7
558, 0, 14, 17, 13, 1, 10.94%, 4, 0, 3, 475.17, 289500, 7
564, 0, 14, 17, 13, 1, 10.94%, 4, 0, 3, 431.44, 291641, 7
569, 0, 14, 17, 13, 1, 10.94%, 4, 0, 3, 291.65, 293342, 7
574, 1, 5, 17, 12, 0, 10.94%, 4, 0, 3, 550.92, 296231, 7
579, 1, 5, 17, 12, 0, 10.94%, 4, 0, 3, 665.57, 299697, 7
584, 1, 5, 17, 12, 0, 10.94%, 4, 0, 3, 682.40, 303172, 7
589, 1, 5, 17, 12, 0, 10.94%, 4, 0, 3, 660.04, 306434, 7
594, 1, 5, 17, 12, 0, 10.94%, 4, 0, 3, 647.53, 309700, 7
599, 1, 5, 17, 12, 0, 10.94%, 4, 0, 3, 626.74, 312928, 7
604, 1, 5, 17, 12, 0, 10.94%, 4, 0, 3, 675.23, 316310, 7
609, 1, 5, 17, 12, 0, 10.94%, 4, 0, 3, 744.36, 320092, 7
614, 1, 5, 17, 12, 0, 10.94%, 4, 0, 3, 796.78, 324235, 7
619, 1, 5, 17, 12, 0, 10.94%, 4, 0, 3, 818.38, 328452, 7
624, 1, 5, 17, 12, 0, 10.94%, 4, 0, 3, 840.49, 332610, 7
629, 1, 5, 17, 12, 0, 10.94%, 4, 0, 3, 879.46, 337116, 7
634, 1, 5, 17, 12, 0, 10.94%, 4, 0, 3, 807.45, 341205, 7
640, 1, 5, 17, 12, 0, 10.94%, 4, 0, 3, 825.17, 345365, 7
645, 1, 5, 17, 12, 0, 10.94%, 4, 0, 3, 824.72, 349391, 7
650, 1, 5, 17, 12, 0, 10.94%, 4, 0, 3, 812.91, 353631, 7
655, 1, 5, 17, 12, 0, 10.94%, 4, 0, 3, 754.59, 357462, 7
660, 1, 5, 17, 12, 0, 10.94%, 4, 0, 3, 805.77, 361663, 7
665, 1, 5, 17, 12, 0, 10.94%, 4, 0, 3, 701.21, 365287, 7
669, 1, 9, 17, 11, 0, 10.94%, 4, 0, 3, 709.44, 368154, 7
