# relative_time, cycles_done, cur_path, paths_total, pending_total, pending_favs, map_size, unique_crashes, unique_hangs, max_depth, execs_per_sec, total_execs, edges_found
60, 0, 0, 2, 2, 1, 6.25%, 0, 0, 2, 100.54, 7053, 4
65, 0, 0, 2, 2, 1, 6.25%, 0, 0, 2, 101.00, 7553, 4
71, 0, 0, 2, 2, 1, 6.25%, 0, 0, 2, 100.32, 8064, 4
76, 0, 0, 2, 2, 1, 6.25%, 0, 0, 2, 105.42, 8610, 4
81, 0, 0, 2, 2, 1, 6.25%, 0, 0, 2, 132.59, 9512, 4
86, 0, 0, 2, 2, 1, 6.25%, 0, 0, 2, 156.55, 10266, 4
91, 0, 0, 2, 2, 1, 6.25%, 0, 0, 2, 282.27, 12090, 4
96, 0, 0, 2, 2, 1, 6.25%, 0, 0, 2, 227.37, 13210, 4
101, 0, 0, 2, 2, 1, 6.25%, 0, 0, 2, 156.30, 13928, 4
106, 0, 0, 2, 2, 1, 6.25%, 0, 0, 2, 158.79, 14696, 4
112, 0, 0, 2, 2, 1, 6.25%, 0, 0, 2, 682.66, 18898, 4
117, 0, 0, 2, 2, 1, 6.25%, 0, 0, 2, 383.78, 22066, 4
122, 0, 0, 2, 2, 1, 6.25%, 0, 0, 2, 644.18, 25151, 4
127, 0, 0, 2, 2, 1, 6.25%, 0, 0, 2, 777.59, 29240, 4
132, 0, 0, 2, 2, 1, 6.25%, 0, 0, 2, 788.78, 33380, 4
137, 0, 0, 3, 3, 1, 7.81%, 0, 0, 2, 732.86, 37014, 5
142, 0, 0, 12, 12, 1, 10.94%, 0, 0, 2, 754.94, 40966, 7
148, 0, 0, 12, 12, 1, 10.94%, 0, 0, 2, 765.32, 45046, 7
153, 0, 0, 12, 12, 1, 10.94%, 0, 0, 2, 732.47, 48661, 7
158, 0, 0, 12, 12, 1, 10.94%, 0, 0, 2, 718.45, 52407, 7
163, 0, 0, 12, 12, 1, 10.94%, 0, 0, 2, 681.31, 55788, 7
168, 0, 0, 12, 12, 1, 10.94%, 0, 0, 2, 684.26, 59298, 7
173, 0, 0, 12, 12, 1, 10.94%, 0, 0, 2, 750.00, 62935, 7
178, 0, 0, 12, 12, 1, 10.94%, 0, 0, 2, 929.30, 65554, 7
183, 0, 0, 12, 12, 1, 10.94%, 0, 0, 2, 858.92, 69816, 7
188, 0, 0, 13, 13, 1, 10.94%, 3, 0, 2, 817.36, 73857, 7
193, 0, 3, 14, 12, 2, 10.94%, 4, 0, 2, 819.76, 77906, 7
198, 0, 3, 14, 12, 2, 10.94%, 4, 0, 2, 832.06, 82091, 7
203, 0, 3, 14, 12, 2, 10.94%, 4, 0, 2, 738.44, 85890, 7
208, 0, 3, 14, 12, 2, 10.94%, 4, 0, 2, 672.90, 89123, 7
213, 0, 3, 14, 12, 2, 10.94%, 4, 0, 2, 678.67, 92542, 7
218, 0, 3, 14, 12, 2, 10.94%, 4, 0, 2, 684.45, 96130, 7
223, 0, 3, 14, 12, 2, 10.94%, 4, 0, 2, 782.63, 100112, 7
228, 0, 3, 14, 12, 2, 10.94%, 4, 0, 2, 793.23, 104132, 7
233, 0, 3, 14, 12, 2, 10.94%, 4, 0, 2, 778.40, 108047, 7
238, 0, 3, 14, 12, 2, 10.94%, 4, 0, 2, 720.70, 111650, 7
244, 0, 3, 14, 12, 2, 10.94%, 4, 0, 2, 764.68, 115470, 7
249, 0, 3, 15, 13, 2, 10.94%, 4, 0, 3, 792.30, 119548, 7
254, 0, 3, 15, 13, 2, 10.94%, 4, 0, 3, 748.26, 123306, 7
259, 0, 3, 15, 13, 2, 10.94%, 4, 0, 3, 738.47, 127063, 7
264, 0, 3, 15, 13, 2, 10.94%, 4, 0, 3, 64.08, 128723, 7
269, 0, 3, 15, 13, 2, 10.94%, 4, 0, 3, 525.09, 131619, 7
274, 0, 3, 15, 13, 2, 10.94%, 4, 0, 3, 775.81, 135114, 7
279, 0, 3, 15, 13, 2, 10.94%, 4, 0, 3, 793.01, 139119, 7
284, 0, 3, 15, 13, 2, 10.94%, 4, 0, 3, 747.84, 142557, 7
289, 0, 3, 15, 13, 2, 10.94%, 4, 0, 3, 803.43, 146574, 7
294, 0, 3, 15, 13, 2, 10.94%, 4, 0, 3, 766.82, 150493, 7
299, 0, 13, 16, 13, 1, 10.94%, 4, 0, 3, 762.75, 154206, 7
304, 0, 13, 16, 13, 1, 10.94%, 4, 0, 3, 781.51, 158155, 7
310, 0, 13, 16, 13, 1, 10.94%, 4, 0, 3, 830.31, 162463, 7
315, 0, 13, 16, 13, 1, 10.94%, 4, 0, 3, 819.41, 166587, 7
320, 0, 13, 16, 13, 1, 10.94%, 4, 0, 3, 733.78, 170219, 7
325, 0, 13, 16, 13, 1, 10.94%, 4, 0, 3, 724.71, 173859, 7
330, 0, 13, 16, 13, 1, 10.94%, 4, 0, 3, 806.90, 178139, 7
335, 0, 13, 16, 13, 1, 10.94%, 4, 0, 3, 698.46, 181526, 7
340, 0, 13, 16, 13, 1, 10.94%, 4, 0, 3, 809.07, 185627, 7
345, 0, 13, 16, 13, 1, 10.94%, 4, 0, 3, 730.07, 189506, 7
350, 0, 13, 16, 13, 1, 10.94%, 4, 0, 3, 423.80, 191298, 7
355, 0, 13, 16, 13, 1, 10.94%, 4, 0, 3, 259.47, 192512, 7
360, 0, 13, 16, 13, 1, 10.94%, 4, 0, 3, 213.99, 193517, 7
365, 0, 13, 16, 13, 1, 10.94%, 4, 0, 3, 215.03, 194581, 7
371, 0, 13, 16, 13, 1, 10.94%, 4, 0, 3, 232.28, 195817, 7
376, 0, 13, 16, 13, 1, 10.94%, 4, 0, 3, 230.57, 196989, 7
381, 0, 13, 16, 13, 1, 10.94%, 4, 0, 3, 250.31, 198241, 7
386, 0, 13, 16, 13, 1, 10.94%, 4, 0, 3, 274.85, 199637, 7
391, 0, 13, 16, 13, 1, 10.94%, 4, 0, 3, 283.05, 201072, 7
396, 0, 13, 16, 13, 1, 10.94%, 4, 0, 3, 260.29, 202357, 7
401, 0, 13, 16, 13, 1, 10.94%, 4, 0, 3, 251.15, 203625, 7
406, 0, 13, 16, 13, 1, 10.94%, 4, 0, 3, 454.87, 206039, 7
411, 0, 13, 16, 13, 1, 10.94%, 4, 0, 3, 526.85, 208785, 7
416, 0, 13, 16, 13, 1, 10.94%, 4, 0, 3, 518.21, 211445, 7
421, 0, 13, 16, 13, 1, 10.94%, 4, 0, 3, 487.08, 213977, 7
426, 0, 13, 16, 13, 1, 10.94%, 4, 0, 3, 408.93, 215989, 7
431, 0, 13, 16, 13, 1, 10.94%, 4, 0, 3, 410.61, 218109, 7
437, 0, 13, 16, 13, 1, 10.94%, 4, 0, 3, 439.17, 220429, 7
442, 0, 13, 16, 13, 1, 10.94%, 4, 0, 3, 446.42, 222725, 7
447, 0, 13, 16, 13, 1, 10.94%, 4, 0, 3, 631.50, 226244, 7
452, 0, 13, 16, 13, 1, 10.94%, 4, 0, 3, 422.65, 228152, 7
457, 1, 9, 16, 12, 0, 10.94%, 4, 0, 3, 542.94, 230812, 7
462, 1, 9, 16, 12, 0, 10.94%, 4, 0, 3, 653.03, 234366, 7
467, 1, 9, 16, 12, 0, 10.94%, 4, 0, 3, 719.55, 238195, 7
472, 1, 9, 16, 12, 0, 10.94%, 4, 0, 3, 609.98, 241331, 7
477, 1, 9, 16, 12, 0, 10.94%, 4, 0, 3, 817.17, 244373, 7
482, 1, 9, 16, 12, 0, 10.94%, 4, 0, 3, 694.18, 247703, 7
487, 1, 9, 16, 12, 0, 10.94%, 4, 0, 3, 666.13, 251005, 7
492, 1, 9, 16, 12, 0, 10.94%, 4, 0, 3, 607.68, 254057, 7
498, 1, 9, 16, 12, 0, 10.94%, 4, 0, 3, 631.12, 257165, 7
503, 1, 9, 16, 12, 0, 10.94%, 4, 0, 3, 666.44, 260443, 7
508, 1, 9, 16, 12, 0, 10.94%, 4, 0, 3, 690.62, 263914, 7
513, 1, 9, 16, 12, 0, 10.94%, 4, 0, 3, 781.61, 267984, 7
518, 1, 9, 16, 12, 0, 10.94%, 4, 0, 3, 792.22, 272010, 7
523, 1, 9, 16, 12, 0, 10.94%, 4, 0, 3, 798.23, 276030, 7
528, 1, 9, 16, 12, 0, 10.94%, 4, 0, 3, 794.65, 280005, 7
533, 1, 9, 16, 12, 0, 10.94%, 4, 0, 3, 798.29, 283990, 7
538, 1, 9, 16, 12, 0, 10.94%, 4, 0, 3, 789.52, 287992, 7
543, 1, 9, 16, 12, 0, 10.94%, 4, 0, 3, 755.89, 291922, 7
548, 1, 9, 16, 12, 0, 10.94%, 4, 0, 3, 780.06, 295897, 7
553, 1, 9, 16, 12, 0, 10.94%, 4, 0, 3, 816.21, 300054, 7
558, 1, 9, 16, 12, 0, 10.94%, 4, 0, 3, 761.44, 304011, 7
563, 1, 13, 17, 12, 0, 10.94%, 4, 0, 3, 400.78, 305730, 7
569, 1, 14, 17, 12, 0, 10.94%, 4, 0, 3, 526.94, 308261, 7
574, 1, 14, 17, 12, 0, 10.94%, 4, 0, 3, 650.36, 311511, 7
579, 1, 14, 17, 12, 0, 10.94%, 4, 0, 3, 637.60, 314764, 7
584, 1, 14, 17, 12, 0, 10.94%, 4, 0, 3, 624.54, 317928, 7
589, 1, 14, 17, 12, 0, 10.94%, 4, 0, 3, 661.00, 321429, 7
594, 1, 14, 17, 12, 0, 10.94%, 4, 0, 3, 718.75, 324866, 7
599, 1, 14, 17, 12, 0, 10.94%, 4, 0, 3, 747.86, 328618, 7
604, 1, 14, 17, 12, 0, 10.94%, 4, 0, 3, 741.10, 332340, 7
609, 1, 14, 17, 12, 0, 10.94%, 4, 0, 3, 783.85, 336390, 7
614, 1, 14, 17, 12, 0, 10.94%, 4, 0, 3, 881.72, 341068, 7
619, 1, 14, 17, 12, 0, 10.94%, 4, 0, 3, 661.83, 344463, 7
625, 1, 14, 17, 12, 0, 10.94%, 4, 0, 3, 419.18, 346443, 7
630, 1, 14, 17, 12, 0, 10.94%, 4, 0, 3, 315.01, 347905, 7
635, 1, 14, 17, 12, 0, 10.94%, 4, 0, 3, 276.93, 349279, 7
640, 1, 14, 17, 12, 0, 10.94%, 4, 0, 3, 304.66, 350827, 7
645, 1, 14, 17, 12, 0, 10.94%, 4, 0, 3, 308.70, 352405, 7
650, 1, 14, 17, 12, 0, 10.94%, 4, 0, 3, 318.94, 354103, 7
655, 1, 14, 17, 12, 0, 10.94%, 4, 0, 3, 290.56, 355514, 7
660, 1, 14, 17, 12, 0, 10.94%, 4, 0, 3, 320.16, 357169, 7
665, 1, 14, 17, 12, 0, 10.94%, 4, 0, 3, 409.74, 359350, 7
670, 1, 15, 17, 12, 0, 10.94%, 4, 0, 3, 664.75, 362095, 7
