# relative_time, cycles_done, cur_path, paths_total, pending_total, pending_favs, map_size, unique_crashes, unique_hangs, max_depth, execs_per_sec, total_execs, edges_found
60, 0, 0, 2, 2, 1, 6.25%, 0, 0, 2, 197.68, 13136, 4
66, 0, 0, 2, 2, 1, 6.25%, 0, 0, 2, 267.51, 14375, 4
71, 0, 0, 2, 2, 1, 6.25%, 0, 0, 2, 333.55, 16010, 4
76, 0, 0, 2, 2, 1, 6.25%, 0, 0, 2, 270.79, 17385, 4
81, 0, 0, 2, 2, 1, 6.25%, 0, 0, 2, 218.43, 18434, 4
86, 0, 0, 2, 2, 1, 6.25%, 0, 0, 2, 415.07, 20820, 4
91, 0, 0, 2, 2, 1, 6.25%, 0, 0, 2, 358.86, 22262, 4
96, 0, 0, 2, 2, 1, 6.25%, 0, 0, 2, 487.42, 24610, 4
101, 0, 0, 2, 2, 1, 6.25%, 0, 0, 2, 658.42, 28310, 4
107, 0, 0, 2, 2, 1, 6.25%, 0, 0, 2, 770.67, 32210, 4
112, 0, 0, 2, 2, 1, 6.25%, 0, 0, 2, 787.78, 36245, 4
117, 0, 0, 10, 10, 1, 10.94%, 0, 0, 2, 729.47, 39689, 7
122, 0, 0, 12, 12, 1, 10.94%, 0, 0, 2, 811.65, 43869, 7
127, 0, 0, 12, 12, 1, 10.94%, 0, 0, 2, 799.29, 47869, 7
132, 0, 0, 12, 12, 1, 10.94%, 0, 0, 2, 789.35, 51949, 7
137, 0, 0, 12, 12, 1, 10.94%, 0, 0, 2, 798.88, 56030, 7
142, 0, 0, 12, 12, 1, 10.94%, 0, 0, 2, 685.36, 59404, 7
147, 0, 0, 12, 12, 1, 10.94%, 0, 0, 2, 86.19, 62755, 7
152, 0, 0, 12, 12, 1, 10.94%, 0, 0, 2, 752.21, 65960, 7
157, 0, 0, 12, 12, 1, 10.94%, 0, 0, 2, 738.45, 69657, 7
162, 0, 0, 13, 13, 1, 10.94%, 3, 0, 2, 646.09, 73008, 7
168, 0, 0, 14, 14, 1, 10.94%, 4, 0, 2, 638.66, 76211, 7
173, 0, 3, 14, 12, 2, 10.94%, 4, 0, 2, 695.70, 79679, 7
178, 0, 3, 14, 12, 2, 10.94%, 4, 0, 2, 790.05, 83785, 7
183, 0, 3, 14, 12, 2, 10.94%, 4, 0, 2, 790.05, 87800, 7
188, 0, 3, 14, 12, 2, 10.94%, 4, 0, 2, 783.92, 91914, 7
193, 0, 3, 14, 12, 2, 10.94%, 4, 0, 2, 808.73, 95990, 7
198, 0, 3, 14, 12, 2, 10.94%, 4, 0, 2, 839.50, 100214, 7
203, 0, 3, 14, 12, 2, 10.94%, 4, 0, 2, 798.35, 104304, 7
208, 0, 3, 14, 12, 2, 10.94%, 4, 0, 2, 753.86, 108069, 7
213, 0, 3, 14, 12, 2, 10.94%, 4, 0, 2, 671.71, 111494, 7
218, 0, 3, 14, 12, 2, 10.94%, 4, 0, 2, 711.14, 115015, 7
223, 0, 3, 15, 13, 2, 10.94%, 4, 0, 3, 785.06, 119045, 7
228, 0, 3, 15, 13, 2, 10.94%, 4, 0, 3, 742.89, 122712, 7
233, 0, 3, 15, 13, 2, 10.94%, 4, 0, 3, 791.55, 126860, 7
238, 0, 3, 15, 13, 2, 10.94%, 4, 0, 3, 805.06, 130901, 7
244, 0, 3, 15, 13, 2, 10.94%, 4, 0, 3, 805.70, 135061, 7
249, 0, 3, 15, 13, 2, 10.94%, 4, 0, 3, 800.18, 139301, 7
254, 0, 3, 15, 13, 2, 10.94%, 4, 0, 3, 757.98, 142981, 7
259, 0, 3, 15, 13, 2, 10.94%, 4, 0, 3, 729.28, 146639, 7
264, 0, 3, 15, 13, 2, 10.94%, 4, 0, 3, 627.60, 149812, 7
269, 0, 13, 15, 12, 1, 10.94%, 4, 0, 3, 708.63, 153350, 7
274, 0, 13, 15, 12, 1, 10.94%, 4, 0, 3, 822.33, 157696, 7
279, 0, 13, 15, 12, 1, 10.94%, 4, 0, 3, 818.70, 161781, 7
284, 0, 13, 15, 12, 1, 10.94%, 4, 0, 3, 831.67, 166003, 7
289, 0, 13, 15, 12, 1, 10.94%, 4, 0, 3, 810.75, 170035, 7
295, 0, 13, 15, 12, 1, 10.94%, 4, 0, 3, 832.82, 174451, 7
300, 0, 13, 15, 12, 1, 10.94%, 4, 0, 3, 848.15, 178816, 7
305, 0, 13, 15, 12, 1, 10.94%, 4, 0, 3, 843.39, 183075, 7
310, 0, 13, 15, 12, 1, 10.94%, 4, 0, 3, 834.49, 187277, 7
315, 0, 13, 15, 12, 1, 10.94%, 4, 0, 3, 597.24, 190087, 7
320, 0, 13, 15, 12, 1, 10.94%, 4, 0, 3, 338.14, 191460, 7
325, 0, 13, 15, 12, 1, 10.94%, 4, 0, 3, 311.08, 192954, 7
330, 0, 13, 15, 12, 1, 10.94%, 4, 0, 3, 266.66, 194281, 7
336, 0, 13, 15, 12, 1, 10.94%, 4, 0, 3, 234.34, 195414, 7
341, 0, 13, 15, 12, 1, 10.94%, 4, 0, 3, 243.58, 196606, 7
346, 0, 13, 15, 12, 1, 10.94%, 4, 0, 3, 235.86, 197830, 7
351, 0, 13, 15, 12, 1, 10.94%, 4, 0, 3, 231.24, 198938, 7
356, 0, 13, 15, 12, 1, 10.94%, 4, 0, 3, 213.51, 199974, 7
361, 0, 13, 15, 12, 1, 10.94%, 4, 0, 3, 242.48, 201306, 7
366, 0, 13, 15, 12, 1, 10.94%, 4, 0, 3, 373.97, 203069, 7
371, 0, 13, 15, 12, 1, 10.94%, 4, 0, 3, 616.74, 206596, 7
376, 0, 13, 15, 12, 1, 10.94%, 4, 0, 3, 663.63, 210076, 7
381, 0, 13, 15, 12, 1, 10.94%, 4, 0, 3, 644.40, 213316, 7
386, 0, 13, 15, 12, 1, 10.94%, 4, 0, 3, 610.19, 216364, 7
392, 0, 13, 15, 12, 1, 10.94%, 4, 0, 3, 535.62, 219002, 7
397, 0, 13, 15, 12, 1, 10.94%, 4, 0, 3, 469.67, 221368, 7
402, 0, 13, 15, 12, 1, 10.94%, 4, 0, 3, 487.27, 223991, 7
407, 1, 3, 16, 12, 0, 10.94%, 4, 0, 3, 624.97, 227075, 7
412, 1, 4, 16, 12, 0, 10.94%, 4, 0, 3, 779.95, 229936, 7
417, 1, 4, 16, 12, 0, 10.94%, 4, 0, 3, 806.43, 234208, 7
422, 1, 4, 16, 12, 0, 10.94%, 4, 0, 3, 718.86, 237931, 7
428, 1, 4, 16, 12, 0, 10.94%, 4, 0, 3, 637.17, 241079, 7
433, 1, 4, 16, 12, 0, 10.94%, 4, 0, 3, 632.15, 244211, 7
438, 1, 4, 16, 12, 0, 10.94%, 4, 0, 3, 702.55, 247955, 7
443, 1, 4, 16, 12, 0, 10.94%, 4, 0, 3, 709.58, 251525, 7
448, 1, 4, 16, 12, 0, 10.94%, 4, 0, 3, 719.02, 255137, 7
453, 1, 4, 16, 12, 0, 10.94%, 4, 0, 3, 751.31, 259085, 7
458, 1, 4, 16, 12, 0, 10.94%, 4, 0, 3, 783.66, 263015, 7
463, 1, 4, 16, 12, 0, 10.94%, 4, 0, 3, 767.55, 266847, 7
468, 1, 4, 16, 12, 0, 10.94%, 4, 0, 3, 802.27, 271008, 7
473, 1, 4, 16, 12, 0, 10.94%, 4, 0, 3, 783.86, 274713, 7
478, 1, 4, 16, 12, 0, 10.94%, 4, 0, 3, 794.79, 278936, 7
484, 1, 4, 16, 12, 0, 10.94%, 4, 0, 3, 768.62, 282925, 7
489, 1, 4, 16, 12, 0, 10.94%, 4, 0, 3, 748.71, 286616, 7
494, 1, 4, 16, 12, 0, 10.94%, 4, 0, 3, 747.79, 290354, 7
499, 1, 4, 16, 12, 0, 10.94%, 4, 0, 3, 761.90, 294205, 7
504, 1, 4, 16, 12, 0, 10.94%, 4, 0, 3, 757.58, 298090, 7
509, 1, 16, 17, 12, 1, 10.94%, 5, 0, 3, 723.21, 301716, 7
514, 1, 16, 17, 12, 1, 10.94%, 5, 0, 3, 841.21, 306092, 7
519, 1, 16, 17, 12, 1, 10.94%, 5, 0, 3, 856.18, 310435, 7
524, 1, 16, 17, 12, 1, 10.94%, 5, 0, 3, 784.47, 314406, 7
530, 1, 16, 17, 12, 1, 10.94%, 5, 0, 3, 787.70, 318486, 7
535, 1, 16, 17, 12, 1, 10.94%, 5, 0, 3, 814.05, 322655, 7
540, 1, 16, 17, 12, 1, 10.94%, 5, 0, 3, 759.59, 326571, 7
545, 1, 16, 17, 12, 1, 10.94%, 5, 0, 3, 812.26, 330671, 7
550, 1, 16, 17, 12, 1, 10.94%, 5, 0, 3, 826.46, 334847, 7
555, 1, 16, 17, 12, 1, 10.94%, 5, 0, 3, 753.33, 338659, 7
560, 1, 16, 17, 12, 1, 10.94%, 5, 0, 3, 793.09, 342728, 7
565, 1, 16, 17, 12, 1, 10.94%, 5, 0, 3, 772.68, 346643, 7
570, 1, 16, 17, 12, 1, 10.94%, 5, 0, 3, 722.76, 350242, 7
575, 1, 16, 17, 12, 1, 10.94%, 5, 0, 3, 627.13, 353417, 7
580, 1, 16, 17, 12, 1, 10.94%, 5, 0, 3, 680.83, 356796, 7
585, 1, 16, 17, 12, 1, 10.94%, 5, 0, 3, 662.29, 360137, 7
590, 1, 16, 17, 12, 1, 10.94%, 5, 0, 3, 647.57, 363341, 7
595, 1, 16, 17, 12, 1, 10.94%, 5, 0, 3, 657.02, 366260, 7
600, 1, 16, 17, 12, 1, 10.94%, 5, 0, 3, 726.06, 369957, 7
605, 1, 16, 17, 12, 1, 10.94%, 5, 0, 3, 645.80, 373420, 7
611, 2, 0, 17, 11, 0, 10.94%, 5, 0, 3, 647.28, 376564, 7
616, 2, 8, 17, 11, 0, 10.94%, 5, 0, 3, 712.25, 379927, 7
621, 2, 8, 17, 11, 0, 10.94%, 5, 0, 3, 777.55, 384196, 7
626, 2, 8, 17, 11, 0, 10.94%, 5, 0, 3, 856.67, 388571, 7
631, 2, 8, 17, 11, 0, 10.94%, 5, 0, 3, 847.37, 392736, 7
636, 2, 8, 17, 11, 0, 10.94%, 5, 0, 3, 790.14, 396647, 7
641, 2, 8, 17, 11, 0, 10.94%, 5, 0, 3, 815.51, 400800, 7
646, 2, 8, 17, 11, 0, 10.94%, 5, 0, 3, 840.99, 405216, 7
651, 2, 8, 17, 11, 0, 10.94%, 5, 0, 3, 769.17, 409247, 7
656, 2, 8, 17, 11, 0, 10.94%, 5, 0, 3, 800.14, 413192, 7
661, 2, 8, 17, 11, 0, 10.94%, 5, 0, 3, 814.76, 417397, 7
666, 2, 8, 17, 11, 0, 10.94%, 5, 0, 3, 761.80, 421188, 7
667, 2, 9, 17, 11, 0, 10.94%, 5, 0, 3, 778.25, 421936, 7
