# relative_time, cycles_done, cur_path, paths_total, pending_total, pending_favs, map_size, unique_crashes, unique_hangs, max_depth, execs_per_sec, total_execs, edges_found
61, 0, 0, 2, 2, 1, 6.25%, 0, 0, 2, 120.00, 7316, 4
66, 0, 0, 2, 2, 1, 6.25%, 0, 0, 2, 116.10, 7906, 4
71, 0, 0, 2, 2, 1, 6.25%, 0, 0, 2, 117.84, 8500, 4
76, 0, 0, 2, 2, 1, 6.25%, 0, 0, 2, 125.18, 9160, 4
81, 0, 0, 2, 2, 1, 6.25%, 0, 0, 2, 149.25, 10004, 4
86, 0, 0, 2, 2, 1, 6.25%, 0, 0, 2, 170.74, 10884, 4
91, 0, 0, 2, 2, 1, 6.25%, 0, 0, 2, 359.62, 12602, 4
96, 0, 0, 2, 2, 1, 6.25%, 0, 0, 2, 195.14, 13397, 4
101, 0, 0, 2, 2, 1, 6.25%, 0, 0, 2, 173.41, 14213, 4
107, 0, 0, 2, 2, 1, 6.25%, 0, 0, 2, 154.08, 15053, 4
112, 0, 0, 2, 2, 1, 6.25%, 0, 0, 2, 144.91, 15790, 4
117, 0, 0, 2, 2, 1, 6.25%, 0, 0, 2, 328.83, 17234, 4
122, 0, 0, 2, 2, 1, 6.25%, 0, 0, 2, 606.42, 20609, 4
127, 0, 0, 2, 2, 1, 6.25%, 0, 0, 2, 700.15, 24319, 4
132, 0, 0, 2, 2, 1, 6.25%, 0, 0, 2, 720.02, 28016, 4
137, 0, 0, 2, 2, 1, 6.25%, 0, 0, 2, 683.92, 31508, 4
142, 0, 0, 2, 2, 1, 6.25%, 0, 0, 2, 776.92, 35480, 4
147, 0, 0, 9, 9, 1, 10.94%, 0, 0, 2, 774.10, 39571, 7
152, 0, 0, 12, 12, 1, 10.94%, 0, 0, 2, 741.76, 43216, 7
157, 0, 0, 12, 12, 1, 10.94%, 0, 0, 2, 707.77, 46744, 7
162, 0, 0, 12, 12, 1, 10.94%, 0, 0, 2, 712.03, 50230, 7
167, 0, 0, 12, 12, 1, 10.94%, 0, 0, 2, 731.34, 53948, 7
172, 0, 0, 12, 12, 1, 10.94%, 0, 0, 2, 745.56, 57588, 7
178, 0, 0, 12, 12, 1, 10.94%, 0, 0, 2, 829.52, 61998, 7
183, 0, 0, 12, 12, 1, 10.94%, 0, 0, 2, 787.32, 66014, 7
188, 0, 0, 12, 12, 1, 10.94%, 0, 0, 2, 787.23, 69949, 7
193, 0, 0, 12, 12, 1, 10.94%, 0, 0, 2, 803.81, 73974, 7
198, 0, 3, 14, 12, 2, 10.94%, 3, 0, 2, 817.32, 78154, 7
203, 0, 3, 14, 12, 2, 10.94%, 3, 0, 2, 757.73, 82230, 7
208, 0, 3, 14, 12, 2, 10.94%, 3, 0, 2, 714.28, 85779, 7
213, 0, 3, 14, 12, 2, 10.94%, 3, 0, 2, 724.96, 89429, 7
218, 0, 3, 14, 12, 2, 10.94%, 3, 0, 2, 751.35, 93241, 7
223, 0, 3, 14, 12, 2, 10.94%, 3, 0, 2, 787.55, 97231, 7
228, 0, 3, 14, 12, 2, 10.94%, 3, 0, 2, 820.12, 101557, 7
234, 0, 3, 14, 12, 2, 10.94%, 3, 0, 2, 764.84, 105466, 7
239, 0, 3, 14, 12, 2, 10.94%, 3, 0, 2, 796.56, 109471, 7
244, 0, 3, 14, 12, 2, 10.94%, 3, 0, 2, 778.03, 113356, 7
249, 0, 3, 15, 13, 2, 10.94%, 3, 0, 3, 720.12, 117036, 7
254, 0, 3, 15, 13, 2, 10.94%, 3, 0, 3, 716.10, 120620, 7
259, 0, 3, 15, 13, 2, 10.94%, 3, 0, 3, 632.75, 123622, 7
264, 0, 3, 15, 13, 2, 10.94%, 3, 0, 3, 636.20, 126874, 7
269, 0, 3, 15, 13, 2, 10.94%, 3, 0, 3, 761.34, 130659, 7
274, 0, 3, 15, 13, 2, 10.94%, 3, 0, 3, 834.04, 135045, 7
279, 0, 3, 15, 13, 2, 10.94%, 3, 0, 3, 803.05, 139179, 7
284, 0, 3, 15, 13, 2, 10.94%, 3, 0, 3, 756.70, 142895, 7
289, 0, 3, 15, 13, 2, 10.94%, 3, 0, 3, 769.10, 146829, 7
295, 0, 3, 15, 13, 2, 10.94%, 3, 0, 3, 770.57, 150651, 7
300, 0, 3, 15, 13, 2, 10.94%, 4, 0, 3, 676.07, 154312, 7
305, 0, 5, 16, 13, 1, 10.94%, 4, 0, 3, 836.47, 158658, 7
310, 0, 5, 16, 13, 1, 10.94%, 4, 0, 3, 846.38, 162890, 7
315, 0, 5, 16, 13, 1, 10.94%, 4, 0, 3, 777.87, 166663, 7
320, 0, 5, 16, 13, 1, 10.94%, 4, 0, 3, 765.09, 170413, 7
325, 0, 5, 16, 13, 1, 10.94%, 4, 0, 3, 851.55, 174870, 7
330, 0, 5, 16, 13, 1, 10.94%, 4, 0, 3, 892.15, 179545, 7
335, 0, 5, 16, 13, 1, 10.94%, 4, 0, 3, 753.34, 183392, 7
340, 0, 5, 16, 13, 1, 10.94%, 4, 0, 3, 828.36, 187574, 7
345, 0, 5, 16, 13, 1, 10.94%, 4, 0, 3, 830.82, 191780, 7
350, 0, 5, 16, 13, 1, 10.94%, 4, 0, 3, 820.65, 195399, 7
355, 0, 5, 16, 13, 1, 10.94%, 4, 0, 3, 846.83, 199655, 7
360, 0, 5, 16, 13, 1, 10.94%, 4, 0, 3, 876.50, 204112, 7
366, 0, 5, 16, 13, 1, 10.94%, 4, 0, 3, 856.73, 208491, 7
371, 0, 5, 16, 13, 1, 10.94%, 4, 0, 3, 827.63, 212705, 7
376, 0, 5, 16, 13, 1, 10.94%, 4, 0, 3, 816.67, 216833, 7
381, 0, 5, 16, 13, 1, 10.94%, 4, 0, 3, 860.39, 221173, 7
386, 0, 5, 16, 13, 1, 10.94%, 4, 0, 3, 829.98, 225361, 7
391, 0, 5, 16, 13, 1, 10.94%, 4, 0, 3, 764.05, 229219, 7
396, 1, 3, 16, 12, 0, 10.94%, 4, 0, 3, 354.12, 232297, 7
401, 1, 6, 16, 12, 0, 10.94%, 4, 0, 3, 576.57, 235325, 7
406, 1, 6, 16, 12, 0, 10.94%, 4, 0, 3, 761.07, 239450, 7
411, 1, 6, 16, 12, 0, 10.94%, 4, 0, 3, 804.38, 243693, 7
417, 1, 6, 16, 12, 0, 10.94%, 4, 0, 3, 791.78, 247626, 7
422, 1, 6, 16, 12, 0, 10.94%, 4, 0, 3, 798.88, 251466, 7
427, 1, 6, 16, 12, 0, 10.94%, 4, 0, 3, 716.47, 255007, 7
432, 1, 6, 16, 12, 0, 10.94%, 4, 0, 3, 710.45, 258591, 7
437, 1, 6, 16, 12, 0, 10.94%, 4, 0, 3, 687.96, 262022, 7
442, 1, 6, 16, 12, 0, 10.94%, 4, 0, 3, 662.84, 265337, 7
447, 1, 6, 16, 12, 0, 10.94%, 4, 0, 3, 721.93, 269035, 7
452, 1, 6, 16, 12, 0, 10.94%, 4, 0, 3, 802.31, 273215, 7
457, 1, 6, 16, 12, 0, 10.94%, 4, 0, 3, 728.73, 276936, 7
462, 1, 6, 16, 12, 0, 10.94%, 4, 0, 3, 725.94, 280310, 7
467, 1, 6, 16, 12, 0, 10.94%, 4, 0, 3, 774.98, 284350, 7
472, 1, 6, 16, 12, 0, 10.94%, 4, 0, 3, 755.22, 288146, 7
477, 1, 6, 16, 12, 0, 10.94%, 4, 0, 3, 890.58, 291504, 7
482, 1, 6, 16, 12, 0, 10.94%, 4, 0, 3, 815.35, 295642, 7
488, 1, 6, 16, 12, 0, 10.94%, 4, 0, 3, 740.29, 299206, 7
493, 1, 6, 16, 12, 0, 10.94%, 4, 0, 3, 741.72, 302916, 7
498, 1, 6, 16, 12, 0, 10.94%, 4, 0, 3, 727.87, 306600, 7
503, 1, 6, 16, 12, 0, 10.94%, 4, 0, 3, 716.05, 310090, 7
508, 1, 15, 16, 11, 0, 10.94%, 4, 0, 3, 754.35, 313756, 7
513, 1, 15, 16, 11, 0, 10.94%, 4, 0, 3, 791.88, 317814, 7
518, 1, 15, 16, 11, 0, 10.94%, 4, 0, 3, 832.83, 322245, 7
523, 1, 15, 16, 11, 0, 10.94%, 4, 0, 3, 815.56, 326327, 7
528, 1, 15, 16, 11, 0, 10.94%, 4, 0, 3, 811.25, 330439, 7
533, 1, 15, 16, 11, 0, 10.94%, 4, 0, 3, 849.07, 334871, 7
538, 1, 15, 16, 11, 0, 10.94%, 4, 0, 3, 850.95, 339194, 7
543, 1, 15, 16, 11, 0, 10.94%, 4, 0, 3, 803.71, 343287, 7
548, 1, 15, 16, 11, 0, 10.94%, 4, 0, 3, 824.31, 347479, 7
553, 1, 15, 16, 11, 0, 10.94%, 5, 0, 3, 400.94, 350207, 7
558, 1, 15, 16, 11, 0, 10.94%, 5, 0, 3, 480.67, 352734, 7
564, 1, 15, 16, 11, 0, 10.94%, 5, 0, 3, 302.96, 354041, 7
569, 1, 15, 16, 11, 0, 10.94%, 5, 0, 3, 276.13, 355385, 7
574, 1, 15, 16, 11, 0, 10.94%, 5, 0, 3, 267.38, 356625, 7
579, 1, 15, 16, 11, 0, 10.94%, 5, 0, 3, 257.74, 357985, 7
584, 1, 15, 16, 11, 0, 10.94%, 5, 0, 3, 256.68, 359300, 7
589, 1, 15, 16, 11, 0, 10.94%, 5, 0, 3, 259.36, 360685, 7
594, 1, 15, 16, 11, 0, 10.94%, 5, 0, 3, 204.41, 361717, 7
599, 1, 15, 16, 11, 0, 10.94%, 5, 0, 3, 209.00, 362785, 7
604, 1, 15, 16, 11, 0, 10.94%, 5, 0, 3, 239.23, 364005, 7
609, 1, 15, 16, 11, 0, 10.94%, 5, 0, 3, 350.77, 365717, 7
614, 1, 15, 16, 11, 0, 10.94%, 5, 0, 3, 590.41, 369025, 7
619, 1, 15, 16, 11, 0, 10.94%, 5, 0, 3, 639.70, 372407, 7
624, 1, 15, 16, 11, 0, 10.94%, 5, 0, 3, 635.12, 375481, 7
630, 1, 15, 16, 11, 0, 10.94%, 5, 0, 3, 579.04, 378507, 7
635, 1, 15, 16, 11, 0, 10.94%, 5, 0, 3, 518.43, 381115, 7
640, 1, 15, 16, 11, 0, 10.94%, 5, 0, 3, 506.49, 383605, 7
645, 1, 15, 16, 11, 0, 10.94%, 5, 0, 3, 589.37, 386543, 7
650, 1, 15, 16, 11, 0, 10.94%, 5, 0, 3, 718.18, 390484, 7
655, 2, 16, 17, 11, 1, 10.94%, 5, 0, 3, 399.90, 392652, 7
660, 2, 16, 17, 11, 1, 10.94%, 5, 0, 3, 743.53, 396873, 7
665, 2, 16, 17, 11, 1, 10.94%, 5, 0, 3, 673.15, 400436, 7
669, 2, 17, 17, 11, 1, 10.94%, 5, 0, 3, 769.74, 403036, 7
