# relative_time, cycles_done, cur_path, paths_total, pending_total, pending_favs, map_size, unique_crashes, unique_hangs, max_depth, execs_per_sec, total_execs, edges_found
60, 0, 0, 2, 2, 1, 6.25%, 0, 0, 2, 169.87, 7948, 4
66, 0, 0, 2, 2, 1, 6.25%, 0, 0, 2, 138.80, 8693, 4
71, 0, 0, 2, 2, 1, 6.25%, 0, 0, 2, 125.03, 9309, 4
76, 0, 0, 2, 2, 1, 6.25%, 0, 0, 2, 145.41, 10033, 4
81, 0, 0, 2, 2, 1, 6.25%, 0, 0, 2, 244.99, 11443, 4
86, 0, 0, 2, 2, 1, 6.25%, 0, 0, 2, 222.46, 12543, 4
91, 0, 0, 2, 2, 1, 6.25%, 0, 0, 2, 295.08, 13981, 4
96, 0, 0, 2, 2, 1, 6.25%, 0, 0, 2, 322.24, 15717, 4
101, 0, 0, 2, 2, 1, 6.25%, 0, 0, 2, 349.94, 17103, 4
106, 0, 0, 2, 2, 1, 6.25%, 0, 0, 2, 402.21, 19667, 4
112, 0, 0, 2, 2, 1, 6.25%, 0, 0, 2, 194.27, 20385, 4
117, 0, 0, 2, 2, 1, 6.25%, 0, 0, 2, 282.35, 22126, 4
122, 0, 0, 2, 2, 1, 6.25%, 0, 0, 2, 181.29, 22926, 4
127, 0, 0, 2, 2, 1, 6.25%, 0, 0, 2, 522.41, 25451, 4
132, 0, 0, 2, 2, 1, 6.25%, 0, 0, 2, 720.54, 29487, 4
137, 0, 0, 2, 2, 1, 6.25%, 0, 0, 2, 773.37, 33621, 4
142, 0, 0, 3, 3, 1, 7.81%, 0, 0, 2, 754.78, 37527, 5
147, 0, 0, 12, 12, 1, 10.94%, 0, 0, 2, 684.39, 40943, 7
152, 0, 0, 12, 12, 1, 10.94%, 0, 0, 2, 654.49, 44232, 7
158, 0, 0, 12, 12, 1, 10.94%, 0, 0, 2, 662.96, 47599, 7
163, 0, 0, 12, 12, 1, 10.94%, 0, 0, 2, 733.24, 51504, 7
168, 0, 0, 12, 12, 1, 10.94%, 0, 0, 2, 738.34, 55208, 7
173, 0, 0, 12, 12, 1, 10.94%, 0, 0, 2, 774.47, 59134, 7
178, 0, 0, 12, 12, 1, 10.94%, 0, 0, 2, 828.63, 63502, 7
183, 0, 0, 12, 12, 1, 10.94%, 0, 0, 2, 857.24, 67113, 7
188, 0, 0, 12, 12, 1, 10.94%, 0, 0, 2, 787.83, 71011, 7
193, 0, 0, 13, 13, 1, 10.94%, 2, 0, 2, 788.83, 75014, 7
198, 0, 3, 14, 12, 2, 10.94%, 3, 0, 2, 761.14, 78811, 7
204, 0, 3, 14, 12, 2, 10.94%, 3, 0, 2, 718.56, 82555, 7
209, 0, 3, 14, 12, 2, 10.94%, 3, 0, 2, 688.57, 86040, 7
214, 0, 3, 14, 12, 2, 10.94%, 3, 0, 2, 690.06, 89537, 7
219, 0, 3, 14, 12, 2, 10.94%, 3, 0, 2, 692.10, 93047, 7
224, 0, 3, 14, 12, 2, 10.94%, 3, 0, 2, 768.46, 96996, 7
229, 0, 3, 14, 12, 2, 10.94%, 3, 0, 2, 735.90, 100754, 7
234, 0, 3, 14, 12, 2, 10.94%, 3, 0, 2, 782.18, 104871, 7
239, 0, 3, 14, 12, 2, 10.94%, 3, 0, 2, 805.64, 108900, 7
244, 0, 3, 14, 12, 2, 10.94%, 3, 0, 2, 771.25, 112701, 7
250, 0, 3, 14, 12, 2, 10.94%, 3, 0, 2, 762.58, 116629, 7
255, 0, 3, 15, 13, 2, 10.94%, 3, 0, 3, 719.35, 120138, 7
260, 0, 3, 15, 13, 2, 10.94%, 3, 0, 3, 749.08, 124030, 7
265, 0, 3, 15, 13, 2, 10.94%, 3, 0, 3, 685.53, 127478, 7
270, 0, 3, 15, 13, 2, 10.94%, 3, 0, 3, 755.75, 131451, 7
275, 0, 3, 15, 13, 2, 10.94%, 3, 0, 3, 779.82, 135403, 7
280, 0, 3, 15, 13, 2, 10.94%, 3, 0, 3, 839.21, 139619, 7
285, 0, 3, 15, 13, 2, 10.94%, 3, 0, 3, 837.48, 143907, 7
291, 0, 3, 15, 13, 2, 10.94%, 3, 0, 3, 724.76, 147411, 7
296, 0, 3, 15, 13, 2, 10.94%, 3, 0, 3, 785.52, 151405, 7
301, 0, 5, 16, 13, 2, 10.94%, 4, 0, 3, 687.40, 154748, 7
306, 0, 5, 16, 13, 2, 10.94%, 4, 0, 3, 819.50, 159084, 7
311, 0, 5, 16, 13, 2, 10.94%, 4, 0, 3, 847.16, 163523, 7
316, 0, 5, 16, 13, 2, 10.94%, 4, 0, 3, 771.50, 167299, 7
321, 0, 5, 16, 13, 2, 10.94%, 4, 0, 3, 829.54, 171503, 7
326, 0, 5, 16, 13, 2, 10.94%, 4, 0, 3, 831.41, 175696, 7
331, 0, 5, 16, 13, 2, 10.94%, 4, 0, 3, 814.01, 179984, 7
336, 0, 5, 16, 13, 2, 10.94%, 4, 0, 3, 734.07, 183630, 7
341, 0, 5, 16, 13, 2, 10.94%, 4, 0, 3, 855.08, 188037, 7
347, 0, 5, 16, 13, 2, 10.94%, 4, 0, 3, 804.86, 192014, 7
352, 0, 5, 16, 13, 2, 10.94%, 4, 0, 3, 837.58, 196209, 7
357, 0, 5, 16, 13, 2, 10.94%, 4, 0, 3, 847.13, 200321, 7
362, 0, 5, 16, 13, 2, 10.94%, 4, 0, 3, 873.18, 204733, 7
367, 0, 5, 16, 13, 2, 10.94%, 4, 0, 3, 802.17, 208619, 7
372, 0, 5, 16, 13, 2, 10.94%, 4, 0, 3, 819.17, 212667, 7
377, 0, 5, 16, 13, 2, 10.94%, 4, 0, 3, 801.51, 216727, 7
382, 0, 5, 16, 13, 2, 10.94%, 4, 0, 3, 818.46, 220779, 7
387, 0, 5, 16, 13, 2, 10.94%, 4, 0, 3, 842.04, 225010, 7
392, 0, 5, 16, 13, 2, 10.94%, 4, 0, 3, 784.07, 229099, 7
397, 0, 14, 16, 12, 1, 10.94%, 4, 0, 3, 718.11, 232425, 7
402, 0, 14, 16, 12, 1, 10.94%, 4, 0, 3, 746.63, 236149, 7
407, 0, 14, 16, 12, 1, 10.94%, 4, 0, 3, 789.79, 240187, 7
412, 0, 14, 16, 12, 1, 10.94%, 4, 0, 3, 805.22, 244264, 7
417, 0, 14, 16, 12, 1, 10.94%, 4, 0, 3, 774.32, 248076, 7
422, 0, 14, 16, 12, 1, 10.94%, 4, 0, 3, 759.98, 251976, 7
427, 0, 14, 16, 12, 1, 10.94%, 4, 0, 3, 701.94, 255440, 7
432, 0, 14, 16, 12, 1, 10.94%, 4, 0, 3, 752.59, 259290, 7
437, 0, 14, 16, 12, 1, 10.94%, 4, 0, 3, 759.61, 263151, 7
443, 0, 14, 16, 12, 1, 10.94%, 4, 0, 3, 736.09, 266752, 7
448, 0, 14, 16, 12, 1, 10.94%, 4, 0, 3, 548.79, 269516, 7
453, 0, 14, 16, 12, 1, 10.94%, 4, 0, 3, 324.66, 271076, 7
458, 0, 14, 16, 12, 1, 10.94%, 4, 0, 3, 247.79, 272216, 7
463, 0, 14, 16, 12, 1, 10.94%, 4, 0, 3, 231.98, 273376, 7
468, 0, 14, 16, 12, 1, 10.94%, 4, 0, 3, 225.07, 274552, 7
473, 0, 14, 16, 12, 1, 10.94%, 4, 0, 3, 208.61, 275564, 7
478, 0, 14, 16, 12, 1, 10.94%, 4, 0, 3, 224.81, 276784, 7
483, 0, 14, 16, 12, 1, 10.94%, 4, 0, 3, 217.43, 277936, 7
488, 0, 14, 16, 12, 1, 10.94%, 4, 0, 3, 221.39, 279056, 7
493, 0, 14, 16, 12, 1, 10.94%, 4, 0, 3, 217.97, 280152, 7
499, 0, 14, 16, 12, 1, 10.94%, 4, 0, 3, 219.90, 281276, 7
504, 0, 14, 16, 12, 1, 10.94%, 4, 0, 3, 218.20, 282364, 7
509, 0, 14, 17, 13, 1, 10.94%, 4, 0, 4, 413.16, 284651, 7
514, 0, 14, 17, 13, 1, 10.94%, 4, 0, 4, 491.08, 287262, 7
519, 0, 14, 17, 13, 1, 10.94%, 4, 0, 4, 503.92, 289893, 7
524, 0, 14, 17, 13, 1, 10.94%, 4, 0, 4, 526.09, 292533, 7
529, 0, 14, 17, 13, 1, 10.94%, 4, 0, 4, 497.88, 295013, 7
534, 0, 14, 17, 13, 1, 10.94%, 4, 0, 4, 517.65, 297563, 7
539, 0, 14, 17, 13, 1, 10.94%, 4, 0, 4, 495.07, 300096, 7
544, 0, 14, 17, 13, 1, 10.94%, 4, 0, 4, 589.54, 303062, 7
549, 0, 14, 17, 13, 1, 10.94%, 4, 0, 4, 593.70, 306358, 7
554, 0, 16, 17, 12, 0, 10.94%, 5, 0, 4, 587.10, 309044, 7
559, 0, 16, 17, 12, 0, 10.94%, 5, 0, 4, 722.62, 312805, 7
564, 0, 16, 17, 12, 0, 10.94%, 5, 0, 4, 735.94, 315786, 7
570, 0, 16, 17, 12, 0, 10.94%, 5, 0, 4, 704.62, 319023, 7
575, 0, 16, 17, 12, 0, 10.94%, 5, 0, 4, 632.72, 321528, 7
580, 0, 16, 17, 12, 0, 10.94%, 5, 0, 4, 672.04, 324932, 7
585, 0, 16, 17, 12, 0, 10.94%, 5, 0, 4, 712.06, 328400, 7
590, 0, 16, 17, 12, 0, 10.94%, 5, 0, 4, 657.12, 331198, 7
595, 0, 16, 17, 12, 0, 10.94%, 5, 0, 4, 577.58, 334154, 7
600, 0, 16, 17, 12, 0, 10.94%, 5, 0, 4, 647.26, 337248, 7
605, 0, 16, 17, 12, 0, 10.94%, 5, 0, 4, 742.36, 341154, 7
610, 0, 16, 17, 12, 0, 10.94%, 5, 0, 4, 729.88, 344912, 7
615, 0, 16, 17, 12, 0, 10.94%, 5, 0, 4, 774.83, 348941, 7
620, 0, 16, 17, 12, 0, 10.94%, 5, 0, 4, 782.23, 352886, 7
625, 0, 16, 17, 12, 0, 10.94%, 5, 0, 4, 861.14, 357246, 7
630, 0, 16, 17, 12, 0, 10.94%, 5, 0, 4, 873.13, 361609, 7
635, 0, 16, 17, 12, 0, 10.94%, 5, 0, 4, 813.54, 365622, 7
640, 0, 16, 17, 12, 0, 10.94%, 5, 0, 4, 800.69, 369644, 7
645, 0, 16, 17, 12, 0, 10.94%, 5, 0, 4, 798.77, 373664, 7
651, 0, 16, 17, 12, 0, 10.94%, 5, 0, 4, 768.02, 377444, 7
656, 0, 16, 17, 12, 0, 10.94%, 5, 0, 4, 745.21, 381124, 7
661, 0, 16, 17, 12, 0, 10.94%, 5, 0, 4, 680.82, 384430, 7
666, 1, 5, 17, 11, 0, 10.94%, 5, 0, 4, 517.52, 387063, 7
668, 1, 7, 17, 11, 0, 10.94%, 5, 0, 4, 622.20, 388456, 7
